[1681157932420, [-2.265, -9.234, -0.000614], [-0.000888, 0.011924, 31.5]]
[1681157932440, [-0.824, -2.263, -9.216], [0.000179, -0.000845, 0.012738]]
[1681157932460, [-0.833, -2.267, -9.235], [0.000786, -0.000431, 0.011127]]
[1681157932500, [-0.836, -2.241, -9.22], [-0.000614, -0.001526, 0.013209]]
[1681157932520, [-0.796, -2.274, -9.222], [0.001659, -0.005316, 0.011015]]
[1681157932560, [-0.774, -2.259, -9.243], [-0.000215, -0.001934, 0.01079]]
[1681157932580, [-0.808, -2.263, -9.237], [0.001496, -0.003402, 0.011976]]
[1681157932600, [-0.787, -2.276, -9.232], [-0.001091, -0.000658, 0.012346]]
[1681157932620, [-0.809, -2.277, -9.223], [-4.6e-05, -0.002506, 0.013258]]
[1681157932640, [-0.8, -2.257, -9.255], [-0.003536, 0.000107, 0.013591]]
[1681157932660, [-0.843, -2.277, -9.249], [-0.001214, -0.002195, 0.012498]]
[1681157932680, [-0.785, -2.261, -9.227], [-0.000302, -0.001835, 0.01192]]
[1681157932700, [-0.806, -2.26, -9.182], [0.003263, -0.006809, 0.012533]]
[1681157932720, [-0.794, -2.246, -9.247], [0.000407, -0.003292, 0.012117]]
[1681157932740, [-0.815, -2.247, -9.254], [0.001625, -0.003492, 0.013998]]
[1681157932760, [-0.81, -2.246, -9.221], [-0.003194, 0.00318, 0.011039]]
[1681157932780, [-0.835, -2.274, -9.21], [-0.001175, -1.4e-05, 0.011128]]
[1681157932800, [-0.809, -2.261, -9.212], [-0.001558, -0.001545, 0.012491]]
[1681157932820, [-0.772, -2.239, -9.245], [0.001479, -0.005828, 0.012592]]
[1681157932840, [-0.82, -2.281, -9.267], [-0.000336, -0.003743, 0.01167]]
[1681157932860, [-0.782, -2.247, -9.237], [-0.001782, -0.001491, 0.012597]]
[1681157932880, [-0.804, -2.242, -9.203], [-0.001371, -0.001281, 0.012473]]
[1681157932900, [-0.791, -2.244, -9.24], [-0.000927, -0.00118, 0.011235]]
[1681157932920, [-0.819, -2.268, -9.241], [0.000625, -0.001307, 0.011566]]
[1681157932940, [-0.858, -2.289, -9.223], [-0.000695, -0.000485, 0.012157]]
[1681157932960, [-0.823, -2.274, -9.203], [-0.001215, -0.001632, 0.011906]]
[1681157932980, [-0.815, -2.251, -9.236], [-0.001746, -0.000551, 0.012145]]
[1681157933000, [-0.784, -2.238, -9.209], [0.002428, -0.005252, 0.011]]
[1681157933020, [-0.8, -2.249, -9.255], [0.001218, -0.002021, 0.011068]]
[1681157933040, [-0.828, -2.276, -9.245], [0.001314, -0.004225, 0.010324]]
[1681157933060, [-0.802, -2.27, -9.259], [-0.002221, -0.001158, 0.012142]]
[1681157933080, [-0.835, -2.274, -9.241], [-0.00089, -0.003276, 0.011819]]
[1681157933100, [-0.803, -2.275, -9.244], [-0.004739, 0.001132, 0.013448]]
[1681157933120, [-0.823, -2.258, -9.244], [-0.000796, -0.000731, 0.013171]]
[1681157933140, [-0.792, -2.264, -9.257], [-0.001413, 0.00021, 0.011152]]
[1681157933160, [-0.829, -2.269, -9.225], [0.001387, -0.006308, 0.013077]]
[1681157933180, [-0.799, -2.259, -9.228], [3.1e-05, -0.00388, 0.012293]]
[1681157933200, [-0.817, -2.267, -9.259], [0.002669, -0.004699, 0.011404]]
[1681157933220, [-0.77, -2.256, -9.291], [-0.002746, 0.001456, 0.010831]]
[1681157933240, [-0.822, -2.286, -9.255], [-0.001216, -1e-05, 0.011656]]
[1681157933260, [-0.804, -2.253, -9.232], [-0.001385, -0.002542, 0.013182]]
[1681157933280, [-0.827, -2.259, -9.242], [0.001462, -0.00739, 0.012691]]
[1681157933300, [-0.81, -2.257, -9.231], [0.000141, -0.004799, 0.011928]]
[1681157933320, [-0.802, -2.254, -9.255], [0.001634, -0.001573, 0.01182]]
[1681157933340, [-0.777, -2.259, -9.256], [-0.001647, -0.000353, 0.012503]]
[1681157933360, [-0.788, -2.268, -9.263], [0.000568, -0.002737, 0.011609]]
[1681157933380, [-0.812, -2.26, -9.226], [0.000627, -0.003474, 0.013105]]
[1681157933400, [-0.84, -2.27, -9.268], [0.000685, -2.5e-05, 0.012096]]
[1681157933420, [-0.809, -2.285, -9.225], [-0.002514, -0.000635, 0.011335]]
[1681157933440, [-0.821, -2.263, -9.225], [-0.000765, -0.000361, 0.011318]]
[1681157933460, [-0.798, -2.244, -9.218], [0.000936, -0.006345, 0.01288]]
[1681157933480, [-0.777, -2.253, -9.28], [0.000116, -0.003917, 0.012001]]
[1681157933500, [-0.796, -2.275, -9.236], [-0.000341, -0.004023, 0.012168]]
[1681157933520, [-0.791, -2.264, -9.25], [-0.00183, -0.00031, 0.012044]]
[1681157933540, [-0.828, -2.279, -9.229], [-0.000991, -0.002046, 0.01195]]
[1681157933560, [-0.815, -2.255, -9.239], [-0.002358, 0.001249, 0.01259]]
[1681157933580, [-0.831, -2.263, -9.236], [-0.001739, 0.000694, 0.012197]]
[1681157933600, [-0.802, -2.277, -9.208], [-0.000879, -0.001956, 0.010206]]
[1681157933620, [-0.83, -2.278, -9.203], [0.001983, -0.005552, 0.012454]]
[1681157933640, [-0.776, -2.262, -9.211], [0.000694, -0.001189, 0.01183]]
[1681157933660, [-0.818, -2.255, -9.247], [0.001447, -0.006645, 0.011923]]
[1681157933680, [-0.79, -2.244, -9.264], [-0.003099, 0.003428, 0.011539]]
[1681157933700, [-0.778, -2.26, -9.269], [-0.001264, -0.001761, 0.013105]]
[1681157933720, [-0.822, -2.29, -9.204], [-0.002552, 0.001362, 0.011989]]
[1681157933740, [-0.81, -2.248, -9.25], [0.000965, -0.005366, 0.012655]]
[1681157933760, [-0.839, -2.261, -9.24], [0.000126, -0.00096, 0.012271]]
[1681157933780, [-0.799, -2.258, -9.218], [-0.00118, -0.00191, 0.011498]]
[1681157933800, [-0.791, -2.254, -9.212], [-0.001666, 0.000819, 0.01129]]
[1681157933820, [-0.803, -2.257, -9.262], [0.001636, -0.004461, 0.011857]]
[1681157933840, [-0.799, -2.252, -9.242], [0.000479, -0.003153, 0.010472]]
[1681157933860, [-0.833, -2.245, -9.221], [-0.000138, -0.001186, 0.012594]]
[1681157933880, [-0.827, -2.276, -9.242], [-0.001384, 0.001306, 0.011537]]
[1681157933900, [-0.815, -2.253, -9.243], [-0.001092, 0.001241, 0.011578]]
[1681157933920, [-0.825, -2.24, -9.205], [-0.001732, -0.006177, 0.012628]]
[1681157933940, [-0.787, -2.239, -9.243], [0.002788, -0.004622, 0.011803]]
[1681157933960, [-0.805, -2.259, -9.231], [0.002229, -0.005864, 0.011673]]
[1681157933980, [-0.792, -2.246, -9.261], [-0.000352, -0.00247, 0.012469]]
[1681157934000, [-0.826, -2.252, -9.266], [-0.002167, -0.000359, 0.012316]]
[1681157934020, [-0.829, -2.253, -9.235], [-0.002735, 0.00055, 0.012399]]
[1681157934040, [-0.807, -2.28, -9.242], [-0.001604, -0.002363, 0.011995]]
[1681157934060, [-0.806, -2.244, -9.256], [0.000764, 0.000223, 0.012637]]
[1681157934080, [-0.818, -2.281, -9.164], [0.001582, -0.006346, 0.012664]]
[1681157934100, [-0.798, -2.272, -9.222], [0.000855, -0.003943, 0.011944]]
[1681157934120, [-0.791, -2.256, -9.234], [0.00283, -0.005169, 0.012474]]
[1681157934140, [-0.809, -2.288, -9.248], [-0.001249, 0.000508, 0.01003]]
[1681157934160, [-0.79, -2.249, -9.227], [0.000146, -0.003721, 0.012422]]
[1681157934180, [-0.804, -2.243, -9.238], [-0.001537, 0.001102, 0.012565]]
[1681157934200, [-0.826, -2.294, -9.217], [7.5e-05, -0.00539, 0.012908]]
[1681157934220, [-0.8, -2.277, -9.273], [-0.00216, -0.000252, 0.013473]]
[1681157934240, [-0.814, -2.274, -9.206], [-0.000931, -0.001057, 0.011273]]
[1681157934260, [-0.792, -2.263, -9.222], [-0.001365, -0.000469, 0.010013]]
[1681157934280, [-0.814, -2.274, -9.204], [0.002153, -0.007567, 0.013025]]
[1681157934300, [-0.784, -2.232, -9.249], [0.000838, -0.003047, 0.012506]]
[1681157934320, [-0.853, -2.269, -9.229], [-0.000649, -0.003174, 0.01231]]
[1681157934340, [-0.808, -2.258, -9.235], [-0.003085, 0.004078, 0.011333]]
[1681157934360, [-0.816, -2.271, -9.262], [-0.001661, 0.000657, 0.011825]]
[1681157934380, [-0.799, -2.262, -9.268], [-0.001951, -0.003911, 0.011936]]
[1681157934400, [-0.777, -2.258, -9.206], [0.001808, -0.007131, 0.01384]]
[1681157934420, [-0.823, -2.275, -9.25], [0.001592, -0.005528, 0.01119]]
[1681157934440, [-0.794, -2.269, -9.209], [-0.002074, -0.001052, 0.012167]]
[1681157934460, [-0.826, -2.255, -9.227], [-0.002906, -0.000151, 0.012343]]
