[1680900900020, [-0.361, 8.169, 5.726], [0.002246, -0.003241, 0.010606]]
[1680900900040, [-0.375, 8.161, 5.683], [-0.001808, -0.001947, 0.012418]]
[1680900900060, [-0.376, 8.149, 5.685], [-0.000444, -0.002389, 0.012064]]
[1680900900080, [-0.376, 8.151, 5.676], [-0.001049, -0.00397, 0.012475]]
[1680900900100, [-0.383, 8.158, 5.688], [-0.00082, -0.002284, 0.01244]]
[1680900900120, [-0.389, 8.15, 5.686], [-0.001902, -0.0021, 0.012283]]
[1680900900140, [-0.418, 8.127, 5.668], [0.001076, -0.002, 0.011493]]
[1680900900160, [-0.389, 8.143, 5.725], [-0.001295, -0.000848, 0.01048]]
[1680900900180, [-0.399, 8.167, 5.682], [-0.002568, -0.002943, 0.012669]]
[1680900900200, [-0.374, 8.141, 5.7], [0.000285, -0.001165, 0.01051]]
[1680900900220, [-0.374, 8.138, 5.698], [-0.00244, -0.002424, 0.012827]]
[1680900900240, [-0.37, 8.142, 5.69], [-0.000299, -0.001764, 0.012298]]
[1680900900260, [-0.387, 8.156, 5.723], [-0.000528, -0.001912, 0.011823]]
[1680900900280, [-0.386, 8.113, 5.662], [-0.002175, -0.001348, 0.012252]]
[1680900900300, [-0.359, 8.158, 5.674], [6.5e-05, -0.003102, 0.011082]]
[1680900900320, [-0.355, 8.157, 5.67], [-0.000521, -0.002929, 0.012396]]
[1680900900340, [-0.403, 8.148, 5.649], [0.00192, -7.6e-05, 0.011861]]
[1680900900360, [-0.36, 8.138, 5.667], [-0.001082, -0.002318, 0.013007]]
[1680900900380, [-0.381, 8.165, 5.676], [-0.000492, -0.001529, 0.011681]]
[1680900900400, [-0.362, 8.135, 5.688], [-1e-05, -0.002668, 0.011665]]
[1680900900420, [-0.369, 8.145, 5.731], [-0.000936, -0.003583, 0.013898]]
[1680900900440, [-0.367, 8.13, 5.665], [-0.000108, -0.000855, 0.011225]]
[1680900900460, [-0.359, 8.147, 5.68], [-0.002223, -0.001273, 0.01226]]
[1680900900480, [-0.385, 8.131, 5.693], [-0.002084, -0.001815, 0.012895]]
[1680900900500, [-0.368, 8.129, 5.715], [-0.001009, -0.00202, 0.011461]]
[1680900900520, [-0.377, 8.163, 5.666], [-0.00045, -0.002367, 0.011132]]
[1680900900540, [-0.363, 8.125, 5.711], [-0.001228, -0.002346, 0.010341]]
[1680900900560, [-0.373, 8.142, 5.676], [-0.000196, -0.002906, 0.012003]]
[1680900900580, [-0.371, 8.132, 5.706], [-0.000735, -0.001134, 0.012558]]
[1680900900600, [-0.389, 8.169, 5.741], [-0.002426, -0.00264, 0.011875]]
[1680900900620, [-0.393, 8.16, 5.65], [0.000103, -0.002272, 0.011829]]
[1680900900640, [-0.384, 8.158, 5.721], [0.000275, -0.002037, 0.011806]]
[1680900900660, [-0.377, 8.14, 5.665], [-0.002423, -0.003231, 0.011645]]
[1680900900680, [-0.375, 8.163, 5.663], [-0.000284, -0.003142, 0.01166]]
[1680900900700, [-0.384, 8.145, 5.724], [-0.001734, -0.001458, 0.012928]]
[1680900900720, [-0.401, 8.131, 5.684], [-8e-05, -0.002545, 0.011822]]
[1680900900740, [-0.38, 8.155, 5.678], [0.001648, -0.00166, 0.012756]]
[1680900900760, [-0.382, 8.134, 5.626], [-0.002389, -0.004412, 0.013438]]
[1680900900780, [-0.386, 8.159, 5.704], [-0.000628, -0.002429, 0.01154]]
[1680900900800, [-0.378, 8.15, 5.707], [-0.00166, -0.003363, 0.012275]]
[1680900900820, [-0.386, 8.136, 5.666], [-0.00137, -0.001921, 0.012017]]
[1680900900840, [-0.382, 8.14, 5.704], [-0.000151, -0.0013, 0.011584]]
[1680900900860, [-0.363, 8.16, 5.696], [-0.003412, -0.00303, 0.012105]]
[1680900900880, [-0.385, 8.148, 5.682], [-0.001058, -0.00287, 0.011533]]
[1680900900900, [-0.365, 8.132, 5.668], [-0.001531, -0.003993, 0.011697]]
[1680900900920, [-0.372, 8.149, 5.698], [-0.000372, -0.002031, 0.011844]]
[1680900900940, [-0.379, 8.161, 5.641], [-0.000509, -0.002406, 0.012627]]
[1680900900960, [-0.385, 8.162, 5.673], [-0.001334, -0.002618, 0.011766]]
[1680900900980, [-0.352, 8.169, 5.699], [-0.000175, -0.002686, 0.01105]]
[1680900901000, [-0.381, 8.113, 5.711], [-0.0008, -0.0036, 0.012645]]
[1680900901020, [-0.371, 8.164, 5.704], [-0.000138, -0.000678, 0.010282]]
[1680900901040, [-0.353, 8.145, 5.714], [-0.002617, -0.004482, 0.012261]]
[1680900901060, [-0.398, 8.144, 5.67], [-0.000377, -0.00166, 0.011527]]
[1680900901080, [-0.38, 8.153, 5.721], [-0.000316, -0.00418, 0.012576]]
[1680900901100, [-0.386, 8.117, 5.715], [-2e-06, -0.002942, 0.012581]]
[1680900901120, [-0.358, 8.131, 5.741], [-7.7e-05, -0.002449, 0.011009]]
[1680900901140, [-0.375, 8.139, 5.67], [-0.0012, -0.002801, 0.012579]]
[1680900901160, [-0.376, 8.125, 5.676], [0.000822, -0.002648, 0.011581]]
[1680900901180, [-0.366, 8.144, 5.712], [-0.000976, -0.002451, 0.011882]]
[1680900901200, [-0.363, 8.132, 5.699], [-0.001235, -0.002526, 0.011834]]
[1680900901220, [-0.366, 8.152, 5.693], [0.001721, -0.000939, 0.010082]]
[1680900901240, [-0.362, 8.146, 5.683], [-0.001709, -0.001885, 0.011273]]
[1680900901260, [-0.369, 8.126, 5.704], [-0.000837, -0.002449, 0.011842]]
[1680900901280, [-0.369, 8.184, 5.697], [-0.000838, -0.003899, 0.012094]]
[1680900901300, [-0.379, 8.123, 5.68], [-0.000121, -0.002492, 0.011997]]
[1680900901320, [-0.361, 8.147, 5.736], [-0.000624, -0.00258, 0.012524]]
[1680900901340, [-0.4, 8.139, 5.671], [-0.001102, -0.002026, 0.012711]]
[1680900901360, [-0.35, 8.141, 5.678], [-0.001342, -0.003418, 0.010757]]
[1680900901380, [-0.364, 8.144, 5.716], [-0.001018, -0.001414, 0.010714]]
[1680900901400, [-0.387, 8.161, 5.696], [-0.001406, -0.002631, 0.011474]]
[1680900901420, [-0.383, 8.159, 5.756], [8.7e-05, -0.0015, 0.011806]]
[1680900901440, [-0.377, 8.135, 5.683], [1.3e-05, -0.003101, 0.012442]]
[1680900901460, [-0.368, 8.158, 5.688], [-0.0003, -0.001722, 0.011331]]
[1680900901480, [-0.358, 8.127, 5.689], [-0.001765, -0.003116, 0.012259]]
[1680900901500, [-0.372, 8.144, 5.702], [0.001773, -0.002722, 0.010432]]
[1680900901520, [-0.378, 8.129, 5.694], [-0.002537, -0.001544, 0.012273]]
[1680900901540, [-0.396, 8.137, 5.681], [0.000882, -0.00237, 0.010972]]
[1680900901560, [-0.378, 8.137, 5.693], [-0.000603, -0.002185, 0.01089]]
[1680900901580, [-0.385, 8.155, 5.662], [-0.002543, -0.00288, 0.011726]]
[1680900901600, [-0.379, 8.152, 5.691], [0.001158, -0.000798, 0.010664]]
[1680900901620, [-0.369, 8.163, 5.676], [-0.00118, -0.003271, 0.012073]]
[1680900901640, [-0.39, 8.134, 5.678], [-0.000333, -0.001108, 0.011647]]
[1680900901660, [-0.383, 8.134, 5.694], [-0.000207, -0.002122, 0.012437]]
[1680900901680, [-0.367, 8.148, 5.689], [-0.001217, -0.002308, 0.012489]]
[1680900901700, [-0.389, 8.125, 5.724], [0.001778, -0.001622, 0.011731]]
[1680900901720, [-0.358, 8.139, 5.667], [-0.0006, -0.002763, 0.012146]]
[1680900901740, [-0.351, 8.163, 5.708], [-0.00086, -0.001721, 0.012031]]
[1680900901760, [-0.361, 8.142, 5.694], [-0.001255, -0.003408, 0.011889]]
[1680900901780, [-0.364, 8.155, 5.701], [0.000421, -0.00177, 0.011349]]
[1680900901800, [-0.337, 8.154, 5.717], [-0.001303, -0.002676, 0.012456]]
[1680900901820, [-0.391, 8.12, 5.7], [-0.000486, -0.001946, 0.011876]]
[1680900901840, [-0.381, 8.141, 5.717], [-4.1e-05, -0.001711, 0.009741]]
[1680900901860, [-0.381, 8.155, 5.673], [-0.003617, -0.002128, 0.013539]]
[1680900901880, [-0.368, 8.149, 5.693], [0.000734, -0.00157, 0.011127]]
[1680900901900, [-0.376, 8.156, 5.696], [0.000165, -0.002669, 0.011832]]
[1680900901920, [-0.389, 8.138, 5.666], [-0.00101, -0.001817, 0.011494]]
[1680900901940, [-0.377, 8.159, 5.729], [0.000498, -0.002392, 0.010807]]
[1680900901960, [-0.38, 8.157, 5.703], [-0.001737, -0.00202, 0.013472]]
[1680900901980, [-0.365, 8.159, 5.678], [0.000289, -0.002064, 0.010616]]
[1680900902000, [-0.384, 8.141, 5.691], [-0.001167, -0.001682, 0.012035]]
[1680900902020, [-0.381, 8.161, 5.671], [-0.001971, -0.002246, 0.011258]]
[1680900902040, [-0.367, 8.139, 5.72], [-6.7e-05, -0.002177, 0.011393]]
[1680900902060, [-0.378, 8.147, 5.696], [-0.000916, -0.001301, 0.012633]]
[1680900902080, [-0.374, 8.133, 5.678], [-0.001483, -0.001561, 0.010606]]
[1680900902100, [-0.388, 8.14, 5.673], [-0.00118, -0.001193, 0.011191]]
[1680900902120, [-0.401, 8.125, 5.648], [-0.000349, -0.002918, 0.011201]]
[1680900902140, [-0.367, 8.142, 5.683], [-0.001154, -0.002025, 0.012721]]
[1680900902160, [-0.374, 8.156, 5.676], [-0.002041, -0.003543, 0.012682]]
[1680900902180, [-0.331, 8.153, 5.726], [0.001097, -0.001687, 0.011491]]
[1680900902200, [-0.38, 8.148, 5.668], [-0.001179, -0.003206, 0.011555]]
[1680900902220, [-0.373, 8.136, 5.706], [-2e-05, -0.001903, 0.01156]]
[1680900902240, [-0.383, 8.131, 5.699], [-0.000759, -0.002, 0.012098]]
[1680900902260, [-0.359, 8.146, 5.678], [-0.000979, -0.003578, 0.011798]]
[1680900902280, [-0.372, 8.151, 5.73], [0.00195, -0.000849, 0.009985]]
[1680900902300, [-0.389, 8.147, 5.674], [-0.001886, -0.003727, 0.012434]]
[1680900902320, [-0.365, 8.145, 5.695], [0.000574, -0.001247, 0.009932]]
[1680900902340, [-0.365, 8.136, 5.67], [-0.001786, -0.003316, 0.011686]]
[1680900902360, [-0.364, 8.14, 5.671], [-0.000824, -0.001972, 0.011905]]
[1680900902380, [-0.384, 8.167, 5.699], [0.001255, -0.000243, 0.010829]]
[1680900902400, [-0.355, 8.151, 5.693], [-0.002326, -0.00484, 0.012214]]
[1680900902420, [-0.379, 8.14, 5.705], [0.000346, -0.000225, 0.012292]]
[1680900902440, [-0.371, 8.148, 5.686], [-0.002372, -0.002708, 0.013808]]
[1680900902460, [-0.39, 8.141, 5.681], [0.000253, -0.000744, 0.011409]]
[1680900902480, [-0.368, 8.171, 5.669], [0.000385, -0.002521, 0.011423]]
[1680900902500, [-0.392, 8.136, 5.665], [-0.002065, -0.001836, 0.012885]]
[1680900902520, [-0.382, 8.141, 5.706], [-0.000249, -0.001473, 0.011982]]
[1680900902540, [-0.38, 8.151, 5.674], [-0.001834, -0.001344, 0.012511]]
[1680900902560, [-0.35, 8.128, 5.694], [-0.000989, -0.001632, 0.011691]]
[1680900902580, [-0.374, 8.153, 5.699], [-0.001203, -0.001531, 0.012259]]
[1680900902600, [-0.365, 8.16, 5.664], [0.000209, -0.002972, 0.011338]]
[1680900902620, [-0.38, 8.12, 5.728], [-0.001842, -0.002999, 0.012111]]
[1680900902640, [-0.366, 8.131, 5.658], [-0.001875, -0.002024, 0.011408]]
[1680900902660, [-0.347, 8.132, 5.731], [0.000342, -0.000843, 0.011096]]
[1680900902680, [-0.36, 8.16, 5.719], [-0.000614, -0.003224, 0.012777]]
[1680900902700, [-0.389, 8.137, 5.688], [0.001437, -0.002931, 0.010704]]
[1680900902720, [-0.374, 8.167, 5.713], [-0.001336, -0.001808, 0.011373]]
[1680900902740, [-0.358, 8.144, 5.672], [-0.00129, -0.00284, 0.011051]]
[1680900902760, [-0.375, 8.152, 5.718], [0.001708, -0.001008, 0.010573]]
[1680900902780, [-0.367, 8.144, 5.709], [-0.002282, -0.003819, 0.013361]]
[1680900902800, [-0.387, 8.165, 5.676], [0.001632, -0.00111, 0.01151]]
[1680900902820, [-0.381, 8.157, 5.656], [-0.000769, -0.002734, 0.013358]]
[1680900902840, [-0.386, 8.123, 5.696], [8.5e-05, -0.002613, 0.011991]]
[1680900902860, [-0.379, 8.162, 5.714], [-0.00054, -0.001639, 0.011488]]
[1680900902880, [-0.385, 8.14, 5.682], [-0.002049, -0.002573, 0.010995]]
[1680900902900, [-0.385, 8.15, 5.664], [0.000856, -0.001752, 0.011612]]
[1680900902920, [-0.365, 8.148, 5.676], [-0.00227, -0.003244, 0.011636]]
[1680900902940, [-0.39, 8.143, 5.687], [0.000153, -0.002419, 0.012476]]
[1680900902960, [-0.37, 8.144, 5.712], [-0.002204, -0.002244, 0.013116]]
[1680900902980, [-0.397, 8.131, 5.689], [-0.0006, -0.002847, 0.011209]]
[1680900903000, [-0.378, 8.152, 5.684], [0.001616, -0.001326, 0.011235]]
[1680900903020, [-0.378, 8.128, 5.69], [-0.002312, -0.00387, 0.012514]]
[1680900903040, [-0.365, 8.157, 5.67], [0.002032, -0.001736, 0.010716]]
[1680900903060, [-0.37, 8.156, 5.696], [-0.001351, -0.002744, 0.013207]]
[1680900903080, [-0.382, 8.16, 5.676], [4.4e-05, -0.002453, 0.010849]]
[1680900903100, [-0.368, 8.139, 5.674], [-0.0009, -0.002892, 0.011237]]
[1680900903120, [-0.386, 8.11, 5.676], [-0.002462, -0.003167, 0.013168]]
[1680900903140, [-0.368, 8.141, 5.687], [0.00075, -0.001826, 0.011154]]
[1680900903160, [-0.369, 8.14, 5.693], [-0.002294, -0.00319, 0.012144]]
[1680900903180, [-0.369, 8.128, 5.673], [-0.000142, -0.002408, 0.011594]]
[1680900903200, [-0.363, 8.135, 5.678], [-0.001935, -0.004232, 0.012273]]
[1680900903220, [-0.382, 8.162, 5.719], [-0.001475, -0.003216, 0.012654]]
[1680900903240, [-0.374, 8.146, 5.723], [0.001465, -0.002115, 0.009942]]
[1680900903260, [-0.365, 8.15, 5.68], [-0.001195, -0.00266, 0.013435]]
[1680900903280, [-0.381, 8.16, 5.671], [-0.000207, -0.003302, 0.012169]]
[1680900903300, [-0.377, 8.145, 5.672], [-0.000744, -0.002671, 0.012116]]
[1680900903320, [-0.368, 8.137, 5.707], [-0.001316, -0.003301, 0.012398]]
[1680900903340, [-0.364, 8.135, 5.666], [0.001061, -0.000909, 0.010839]]
[1680900903360, [-0.369, 8.151, 5.679], [-0.001272, -0.00271, 0.012352]]
[1680900903380, [-0.373, 8.137, 5.687], [0.000812, -0.001952, 0.009923]]
[1680900903400, [-0.365, 8.135, 5.719], [0.000287, -0.001695, 0.011963]]
[1680900903420, [-0.355, 8.14, 5.701], [0.00092, -0.002937, 0.011717]]
[1680900903440, [-0.375, 8.149, 5.707], [-0.001191, -0.001595, 0.011964]]
[1680900903460, [-0.36, 8.144, 5.662], [6.3e-05, -0.001967, 0.010871]]
[1680900903480, [-0.373, 8.159, 5.681], [-0.000371, -0.002825, 0.011906]]
[1680900903500, [-0.379, 8.104, 5.685], [-0.002108, -0.003354, 0.011708]]
[1680900903520, [-0.391, 8.171, 5.712], [0.000861, -0.001079, 0.010712]]
[1680900903540, [-0.38, 8.168, 5.681], [-0.000672, -0.00318, 0.01286]]
[1680900903560, [-0.392, 8.143, 5.666], [-0.000154, -0.002864, 0.011902]]
[1680900903580, [-0.382, 8.153, 5.667], [0.00055, -0.001473, 0.010919]]
[1680900903600, [-0.353, 8.12, 5.68], [-0.00302, -0.002263, 0.013347]]
[1680900903620, [-0.366, 8.151, 5.694], [0.000102, -0.001545, 0.010851]]
[1680900903640, [-0.362, 8.157, 5.698], [-0.001754, -0.002665, 0.012291]]
[1680900903660, [-0.376, 8.14, 5.675], [-0.000357, -0.001378, 0.011843]]
[1680900903680, [-0.393, 8.155, 5.708], [-0.000493, -0.001649, 0.011842]]
[1680900903700, [-0.373, 8.135, 5.726], [-0.001648, -0.001932, 0.011947]]
[1680900903720, [-0.39, 8.155, 5.712], [-0.001886, -0.00255, 0.013176]]
[1680900903740, [-0.395, 8.15, 5.692], [-0.001688, -0.003316, 0.01201]]
[1680900903760, [-0.395, 8.158, 5.696], [-0.000714, -0.000182, 0.011136]]
[1680900903780, [-0.369, 8.122, 5.714], [-0.002097, -0.002858, 0.012699]]
[1680900903800, [-0.385, 8.148, 5.713], [-0.000907, -0.002454, 0.011161]]
[1680900903820, [-0.386, 8.158, 5.73], [-0.000245, -0.002598, 0.01295]]
[1680900903840, [-0.386, 8.136, 5.665], [-0.000863, -0.002778, 0.01081]]
[1680900903860, [-0.384, 8.167, 5.723], [0.000557, -0.002168, 0.011654]]
[1680900903880, [-0.359, 8.13, 5.7], [-0.002316, -0.002971, 0.011874]]
[1680900903900, [-0.395, 8.159, 5.697], [-0.000142, -0.002434, 0.010843]]
[1680900903920, [-0.383, 8.143, 5.695], [0.000804, -0.002706, 0.010435]]
[1680900903940, [-0.374, 8.135, 5.696], [0.000173, -0.0022, 0.011409]]
[1680900903960, [-0.359, 8.146, 5.696], [0.001289, -0.002159, 0.011056]]
[1680900903980, [-0.375, 8.154, 5.671], [-0.000849, -0.001021, 0.012118]]
[1680900904000, [-0.352, 8.153, 5.71], [-0.000972, -0.001791, 0.011529]]
[1680900904020, [-0.373, 8.147, 5.709], [-0.00041, -0.002139, 0.01279]]
[1680900904040, [-0.368, 8.136, 5.66], [-0.002025, -0.002767, 0.012462]]
[1680900904060, [-0.359, 8.138, 5.694], [0.00121, -0.002477, 0.011639]]
[1680900904080, [-0.379, 8.138, 5.689], [-0.000997, -0.002819, 0.011073]]
[1680900904100, [-0.36, 8.124, 5.662], [-0.000226, -0.000941, 0.010918]]
[1680900904120, [-0.381, 8.137, 5.672], [-0.001568, -0.001538, 0.013436]]
[1680900904140, [-0.375, 8.144, 5.676], [-0.000497, -0.002872, 0.011347]]
[1680900904160, [-0.372, 8.142, 5.693], [-0.000611, -0.001826, 0.012407]]
[1680900904180, [-0.387, 8.147, 5.667], [-0.000757, -0.002562, 0.012301]]
[1680900904200, [-0.382, 8.162, 5.717], [-0.001385, -0.001999, 0.011922]]
[1680900904220, [-0.364, 8.155, 5.627], [0.000857, -0.001929, 0.01097]]
[1680900904240, [-0.356, 8.164, 5.69], [-0.00109, -0.001846, 0.012322]]
[1680900904260, [-0.386, 8.158, 5.691], [-0.001773, -0.002577, 0.01185]]
[1680900904280, [-0.362, 8.145, 5.7], [-0.000238, -0.002754, 0.010602]]
[1680900904300, [-0.342, 8.133, 5.672], [-0.001235, -0.002746, 0.012905]]
[1680900904320, [-0.37, 8.134, 5.674], [-0.000139, -0.001996, 0.011908]]
[1680900904340, [-0.385, 8.149, 5.703], [0.000705, -0.002144, 0.012084]]
[1680900904360, [-0.388, 8.129, 5.69], [-0.003463, -0.003827, 0.012454]]
[1680900904380, [-0.392, 8.172, 5.698], [-0.000219, -0.002599, 0.010957]]
[1680900904400, [-0.352, 8.157, 5.672], [-0.001949, -0.003808, 0.011484]]
[1680900904420, [-0.361, 8.145, 5.662], [-0.001346, -0.002959, 0.011985]]
[1680900904440, [-0.381, 8.147, 5.712], [0.000252, -0.00205, 0.010459]]
[1680900904460, [-0.387, 8.13, 5.663], [-0.00117, -0.002699, 0.011314]]
[1680900904480, [-0.395, 8.144, 5.737], [-0.000821, -0.002748, 0.011549]]
[1680900904500, [-0.374, 8.155, 5.696], [-0.00104, -0.003299, 0.011987]]
[1680900904520, [-0.37, 8.146, 5.672], [-3e-06, -0.002291, 0.012173]]
[1680900904540, [-0.381, 8.147, 5.65], [-2.3e-05, -0.003083, 0.012668]]
[1680900904560, [-0.399, 8.131, 5.703], [0.00145, -0.002385, 0.010327]]
[1680900904580, [-0.371, 8.18, 5.695], [-0.003961, -0.003871, 0.012859]]
[1680900904600, [-0.379, 8.114, 5.654], [8.4e-05, -0.001521, 0.011468]]
[1680900904620, [-0.375, 8.125, 5.702], [0.00134, -0.001869, 0.011479]]
[1680900904640, [-0.377, 8.134, 5.667], [-0.001555, -0.001693, 0.01249]]
[1680900913760, [-0.378, 8.153, 5.716], [-0.000827, -0.002309, 0.011947]]
[1680900913800, [-0.349, 8.15, 5.686], [0.000567, -0.002222, 0.012491]]
[1680900913820, [-0.381, 8.153, 5.685], [-0.00014, -0.001831, 0.011462]]
[1680900913840, [-0.376, 8.154, 5.709], [0.00108, -0.002796, 0.012709]]
[1680900913860, [-0.376, 8.142, 5.685], [-0.001892, -0.002983, 0.012077]]
[1680900913900, [-0.37, 8.148, 5.687], [-0.001546, -0.002228, 0.011988]]
[1680900913920, [-0.351, 8.135, 5.673], [0.001173, -0.00176, 0.012323]]
[1680900913940, [-0.381, 8.168, 5.718], [-0.000655, -0.001144, 0.011238]]
[1680900913960, [-0.388, 8.151, 5.692], [0.000408, -0.003466, 0.013279]]
[1680900913980, [-0.366, 8.139, 5.704], [-0.000901, -0.001981, 0.012023]]
[1680900914000, [-0.378, 8.149, 5.714], [-0.000242, -0.001297, 0.012414]]
[1680900914020, [-0.377, 8.13, 5.701], [-0.000126, -0.003191, 0.012662]]
[1680900914040, [-0.357, 8.153, 5.691], [0.001468, -0.001429, 0.009671]]
[1680900914060, [-0.361, 8.147, 5.708], [-0.001571, -0.002949, 0.012647]]
[1680900914080, [-0.374, 8.148, 5.646], [-0.000885, -0.00187, 0.01133]]
[1680900914100, [-0.388, 8.155, 5.702], [-0.000641, -0.001985, 0.012503]]
[1680900914120, [-0.363, 8.154, 5.7], [-0.002125, -0.002738, 0.012779]]
[1680900914140, [-0.379, 8.148, 5.674], [0.000811, -0.001289, 0.010774]]
[1680900914160, [-0.381, 8.139, 5.686], [-0.00074, -0.002575, 0.011604]]
[1680900914180, [-0.381, 8.139, 5.645], [-0.002219, -0.002248, 0.01292]]
[1680900914200, [-0.38, 8.133, 5.705], [-0.000694, -0.003534, 0.012546]]
[1680900914220, [-0.371, 8.165, 5.719], [-0.001593, -0.002467, 0.013341]]
[1680900914240, [-0.363, 8.15, 5.694], [-0.001144, -0.003656, 0.010967]]
[1680900914260, [-0.366, 8.119, 5.635], [-7.9e-05, -0.004288, 0.012223]]
[1680900914280, [-0.367, 8.135, 5.659], [-0.002137, -0.00198, 0.012877]]
[1680900914300, [-0.378, 8.131, 5.68], [-0.000512, -0.001059, 0.011081]]
[1680900914320, [-0.371, 8.152, 5.709], [-0.000877, -0.002992, 0.010812]]
[1680900914340, [-0.37, 8.147, 5.69], [-0.000904, -0.001827, 0.012726]]
[1680900914360, [-0.394, 8.143, 5.637], [0.000133, -0.002106, 0.010953]]
[1680900914380, [-0.372, 8.15, 5.685], [-0.001284, -0.002112, 0.011906]]
[1680900914400, [-0.39, 8.148, 5.676], [-0.001315, -0.003301, 0.011535]]
[1680900914420, [-0.38, 8.155, 5.674], [-0.00135, -0.00272, 0.011927]]
[1680900914440, [-0.357, 8.124, 5.706], [-0.000303, -0.001288, 0.01107]]
[1680900914460, [-0.391, 8.124, 5.661], [-0.001777, -0.004075, 0.012667]]
[1680900914480, [-0.377, 8.148, 5.696], [0.00116, -0.00273, 0.011017]]
[1680900914500, [-0.373, 8.14, 5.707], [-0.002086, -0.002977, 0.013049]]
[1680900914520, [-0.382, 8.121, 5.685], [-0.000571, -0.002106, 0.010708]]
[1680900914540, [-0.356, 8.138, 5.677], [-0.000607, -0.002562, 0.011644]]
[1680900914560, [-0.379, 8.123, 5.71], [-0.001384, -0.003271, 0.013171]]
[1680900914580, [-0.354, 8.145, 5.702], [0.000191, -0.00072, 0.011234]]
[1680900914600, [-0.35, 8.174, 5.709], [7e-06, -0.00241, 0.012361]]
[1680900914620, [-0.378, 8.153, 5.682], [-0.001149, -0.002217, 0.010943]]
[1680900914640, [-0.354, 8.15, 5.664], [-0.000806, -0.002414, 0.011416]]
[1680900914660, [-0.37, 8.119, 5.704], [-0.001003, -0.001526, 0.011286]]
[1680900914680, [-0.365, 8.157, 5.666], [0.000388, -0.001448, 0.011097]]
[1680900914700, [-0.345, 8.126, 5.72], [-0.000827, -0.001479, 0.012177]]
[1680900914720, [-0.378, 8.149, 5.692], [-0.000374, -0.002984, 0.011442]]
[1680900914740, [-0.368, 8.118, 5.691], [-0.001317, -0.002826, 0.01153]]
[1680900914760, [-0.391, 8.149, 5.669], [0.00109, -0.001864, 0.011566]]
[1680900914780, [-0.36, 8.185, 5.711], [-0.000899, -0.00276, 0.011713]]
[1680900914800, [-0.364, 8.151, 5.705], [0.000322, -0.002447, 0.011867]]
[1680900914820, [-0.379, 8.139, 5.712], [0.000419, -0.000817, 0.011648]]
[1680900914840, [-0.39, 8.144, 5.662], [-0.002262, -0.00329, 0.012256]]
[1680900914860, [-0.359, 8.149, 5.674], [0.000617, -0.001522, 0.012081]]
[1680900914880, [-0.371, 8.155, 5.724], [0.000147, -0.003053, 0.011502]]
[1680900914900, [-0.387, 8.128, 5.68], [0.000126, -0.001837, 0.011859]]
[1680900914920, [-0.386, 8.129, 5.712], [0.002029, -0.001172, 0.010598]]
[1680900914940, [-0.379, 8.132, 5.705], [-0.002112, -0.002925, 0.013128]]
[1680900914960, [-0.391, 8.144, 5.705], [-0.000352, -0.001044, 0.01093]]
[1680900914980, [-0.368, 8.141, 5.693], [-0.002176, -0.002233, 0.012113]]
[1680900915000, [-0.379, 8.15, 5.707], [0.000862, -0.001374, 0.012285]]
[1680900915020, [-0.34, 8.154, 5.731], [0.000731, -0.002125, 0.011251]]
[1680900915040, [-0.362, 8.148, 5.715], [-0.002378, -0.003587, 0.013376]]
[1680900915060, [-0.376, 8.154, 5.695], [-0.000922, -0.001637, 0.011806]]
[1680900915080, [-0.374, 8.116, 5.672], [-0.001454, -0.003159, 0.012144]]
[1680900915100, [-0.383, 8.143, 5.685], [0.000244, -0.003218, 0.012555]]
[1680900915120, [-0.392, 8.141, 5.692], [-7.4e-05, -0.002925, 0.012446]]
[1680900915140, [-0.383, 8.146, 5.685], [2.9e-05, -0.001549, 0.010608]]
[1680900915160, [-0.372, 8.138, 5.71], [-0.001463, -0.002634, 0.012857]]
[1680900915200, [-0.389, 8.118, 5.712], [-0.001581, -0.00141, 0.012138]]
[1680900915220, [-0.351, 8.133, 5.692], [-0.000167, -0.001531, 0.011643]]
[1680900915240, [-0.375, 8.133, 5.684], [-0.00144, -0.002109, 0.012461]]
[1680900915260, [-0.38, 8.142, 5.661], [0.00055, -0.000556, 0.011336]]
[1680900915280, [-0.34, 8.15, 5.719], [-0.002036, -0.003545, 0.011504]]
[1680900915300, [-0.37, 8.126, 5.663], [0.000874, -0.001634, 0.011019]]
[1680900915320, [-0.392, 8.153, 5.695], [0.000373, -0.002594, 0.012055]]
[1680900915340, [-0.395, 8.139, 5.714], [-0.002545, -0.004297, 0.01252]]
[1680900915360, [-0.397, 8.143, 5.685], [0.001949, -0.000243, 0.01028]]
[1680900915380, [-0.383, 8.134, 5.695], [-0.002485, -0.003571, 0.012963]]
[1680900915400, [-0.376, 8.139, 5.67], [-0.001887, -0.002605, 0.012684]]
[1680900915420, [-0.366, 8.143, 5.713], [-0.000505, -0.003679, 0.011152]]
[1680900915440, [-0.375, 8.124, 5.675], [-0.0013, -0.002598, 0.011473]]
[1680900915460, [-0.389, 8.148, 5.714], [-0.001006, -0.004369, 0.012931]]
[1680900915480, [-0.367, 8.149, 5.688], [-0.001563, -0.003146, 0.012199]]
[1680900915500, [-0.369, 8.151, 5.71], [0.000138, -0.002731, 0.010687]]
[1680900915520, [-0.4, 8.161, 5.673], [-0.000737, -0.003869, 0.012202]]
[1680900915540, [-0.395, 8.159, 5.696], [0.000469, -0.000959, 0.011368]]
[1680900915560, [-0.368, 8.144, 5.74], [-0.00199, -0.002788, 0.010837]]
[1680900915580, [-0.351, 8.134, 5.699], [-0.00116, -0.001207, 0.011522]]
[1680900915600, [-0.364, 8.141, 5.718], [0.000889, -0.002456, 0.011388]]
[1680900915620, [-0.372, 8.121, 5.669], [-0.001757, -0.001816, 0.011796]]
[1680900915640, [-0.404, 8.136, 5.696], [0.000807, -0.003179, 0.010864]]
[1680900915660, [-0.353, 8.155, 5.701], [-0.00128, -0.003186, 0.012651]]
[1680900915680, [-0.372, 8.147, 5.707], [0.000769, -0.00183, 0.01094]]
[1680900915700, [-0.372, 8.146, 5.713], [-0.001139, -0.002383, 0.011217]]
[1680900915720, [-0.38, 8.136, 5.666], [-0.000931, -0.002328, 0.01288]]
[1680900915740, [-0.369, 8.152, 5.701], [0.000348, -0.001368, 0.011083]]
[1680900915760, [-0.372, 8.152, 5.7], [-0.002233, -0.002971, 0.013195]]
[1680900915780, [-0.38, 8.153, 5.701], [0.000384, -0.003459, 0.011925]]
[1680900915800, [-0.372, 8.14, 5.689], [-0.001665, -0.002735, 0.012247]]
[1680900915820, [-0.377, 8.151, 5.694], [-6.6e-05, -0.002955, 0.011315]]
[1680900915840, [-0.384, 8.157, 5.708], [-0.000964, -0.001416, 0.011217]]
[1680900915860, [-0.374, 8.143, 5.689], [-0.001726, -0.002486, 0.013055]]
[1680900915880, [-0.356, 8.151, 5.721], [-0.000515, -0.001922, 0.01113]]
[1680900915900, [-0.404, 8.147, 5.705], [0.0004, -0.002629, 0.011789]]
[1680900915920, [-0.353, 8.138, 5.673], [0.001129, -0.001395, 0.011068]]
[1680900915940, [-0.365, 8.153, 5.69], [-0.001173, -0.002049, 0.012331]]
[1680900915960, [-0.373, 8.135, 5.646], [-0.000161, -0.002836, 0.010862]]
[1680900915980, [-0.363, 8.134, 5.713], [-0.000303, -0.002787, 0.011674]]
[1680900916000, [-0.375, 8.139, 5.701], [-0.001033, -0.002161, 0.011174]]
[1680900916020, [-0.37, 8.17, 5.673], [0.000248, -0.002031, 0.010643]]
[1680900916040, [-0.365, 8.142, 5.699], [-0.002102, -0.002986, 0.012953]]
[1680900916060, [-0.401, 8.135, 5.631], [0.000374, -0.001463, 0.011136]]
[1680900916080, [-0.373, 8.154, 5.7], [0.000776, -0.002187, 0.012462]]
[1680900916100, [-0.366, 8.153, 5.696], [-0.001491, -0.001568, 0.011673]]
[1680900916120, [-0.371, 8.153, 5.699], [0.002373, -0.000467, 0.010097]]
[1680900916140, [-0.376, 8.16, 5.716], [-0.002752, -0.004977, 0.013473]]
[1680900916160, [-0.375, 8.153, 5.631], [-0.001217, -0.001195, 0.013464]]
[1680900916180, [-0.371, 8.139, 5.715], [-0.0003, -0.001729, 0.011648]]
[1680900916200, [-0.358, 8.148, 5.695], [-0.00134, -0.003207, 0.011295]]
[1680900916220, [-0.367, 8.14, 5.672], [-0.001482, -0.00217, 0.011362]]
[1680900916240, [-0.377, 8.134, 5.673], [-0.002435, -0.003554, 0.01243]]
[1680900916260, [-0.358, 8.159, 5.711], [-0.000513, -0.002458, 0.011763]]
[1680900916280, [-0.355, 8.149, 5.7], [0.000175, -0.001981, 0.010231]]
[1680900916300, [-0.384, 8.121, 5.69], [0.000665, -0.000765, 0.01168]]
[1680900916320, [-0.363, 8.173, 5.704], [-0.001694, -0.002784, 0.011702]]
[1680900916340, [-0.382, 8.14, 5.688], [-0.000208, -0.001609, 0.011352]]
[1680900916360, [-0.376, 8.151, 5.699], [-0.001521, -0.001075, 0.011268]]
[1680900916380, [-0.353, 8.123, 5.668], [-0.000689, -0.002483, 0.011643]]
[1680900916400, [-0.374, 8.146, 5.684], [0.001887, -0.000553, 0.01119]]
[1680900916420, [-0.391, 8.145, 5.698], [-0.001889, -0.002845, 0.012953]]
[1680900916440, [-0.378, 8.134, 5.675], [-0.000875, -0.003274, 0.011401]]
[1680900916460, [-0.375, 8.158, 5.681], [2.9e-05, -0.002151, 0.011398]]
[1680900916480, [-0.36, 8.129, 5.675], [-0.002825, -0.002184, 0.013226]]
[1680900916500, [-0.381, 8.146, 5.703], [0.001432, -0.002152, 0.01105]]
[1680900916520, [-0.356, 8.107, 5.695], [-0.001568, -0.002489, 0.013109]]
[1680900916540, [-0.364, 8.127, 5.697], [-0.001393, -0.00257, 0.011156]]
[1680900916560, [-0.376, 8.132, 5.686], [-0.000669, -0.00176, 0.011178]]
[1680900916580, [-0.379, 8.158, 5.698], [-0.000937, -0.001725, 0.011341]]
[1680900916600, [-0.349, 8.151, 5.689], [-0.000352, -0.002804, 0.012232]]
[1680900916620, [-0.356, 8.135, 5.68], [0.000416, -0.001651, 0.011751]]
[1680900916640, [-0.365, 8.151, 5.653], [-0.000928, -0.001573, 0.010383]]
[1680900916660, [-0.398, 8.135, 5.701], [-0.001005, -0.002599, 0.01126]]
[1680900916680, [-0.365, 8.15, 5.692], [2e-06, -0.002485, 0.01155]]
[1680900916700, [-0.382, 8.141, 5.698], [0.000995, -0.001742, 0.013574]]
[1680900916720, [-0.37, 8.164, 5.699], [0.00027, -0.001597, 0.011404]]
[1680900916740, [-0.382, 8.14, 5.704], [-0.000805, -0.002509, 0.011817]]
[1680900916760, [-0.389, 8.148, 5.662], [-0.003029, -0.002733, 0.012461]]
[1680900916780, [-0.367, 8.148, 5.687], [-0.000275, -0.002285, 0.011654]]
[1680900916800, [-0.375, 8.134, 5.677], [-0.00164, -0.002306, 0.012283]]
[1680900916820, [-0.402, 8.123, 5.672], [0.000952, -0.002842, 0.011271]]
[1680900916840, [-0.39, 8.147, 5.708], [-0.000898, -0.00271, 0.012152]]
[1680900916860, [-0.384, 8.143, 5.679], [-0.001959, -0.003386, 0.012681]]
[1680900916880, [-0.346, 8.169, 5.708], [0.000945, -0.001481, 0.011894]]
[1680900916900, [-0.364, 8.139, 5.685], [-0.002235, -0.003269, 0.013172]]
[1680900916920, [-0.381, 8.135, 5.687], [-0.00093, -0.001495, 0.010513]]
[1680900916940, [-0.366, 8.121, 5.672], [-0.00139, -0.002802, 0.012195]]
[1680900916960, [-0.389, 8.138, 5.693], [-0.001233, -0.002116, 0.011454]]
[1680900916980, [-0.379, 8.152, 5.681], [-0.000288, -0.001107, 0.011786]]
[1680900917000, [-0.388, 8.139, 5.646], [-0.000808, -0.002508, 0.011697]]
[1680900917020, [-0.379, 8.168, 5.727], [-5.8e-05, -0.002016, 0.012941]]
[1680900917040, [-0.378, 8.16, 5.7], [-0.000818, -0.002951, 0.012406]]
[1680900917060, [-0.386, 8.139, 5.68], [0.000684, -0.001265, 0.011549]]
[1680900917080, [-0.372, 8.134, 5.695], [-0.000891, -0.003618, 0.013452]]
[1680900917100, [-0.39, 8.126, 5.699], [0.000478, -0.001689, 0.011445]]
[1680900917120, [-0.369, 8.126, 5.699], [-0.001483, -0.002389, 0.011816]]
[1680900917140, [-0.355, 8.13, 5.661], [-0.002163, -0.003617, 0.011686]]
[1680900917160, [-0.371, 8.142, 5.668], [0.002169, -0.00126, 0.010079]]
[1680900917180, [-0.367, 8.155, 5.697], [-0.001615, -0.003306, 0.012413]]
[1680900917200, [-0.378, 8.146, 5.685], [0.00022, -0.001333, 0.009725]]
[1680900917220, [-0.392, 8.152, 5.731], [-0.001801, -0.002827, 0.012182]]
[1680900917240, [-0.369, 8.167, 5.662], [-0.002742, -0.003104, 0.012426]]
[1680900917260, [-0.381, 8.149, 5.714], [0.001618, -0.001717, 0.011138]]
[1680900917280, [-0.376, 8.152, 5.662], [-0.000165, -0.002583, 0.012694]]
[1680900917300, [-0.372, 8.131, 5.661], [-0.001049, -0.001814, 0.013219]]
[1680900917320, [-0.357, 8.14, 5.687], [-0.001725, -0.002161, 0.011538]]
[1680900917340, [-0.381, 8.178, 5.676], [-0.000777, -0.001789, 0.011912]]
[1680900917360, [-0.363, 8.168, 5.689], [-0.00147, -0.003249, 0.011801]]
[1680900917380, [-0.375, 8.145, 5.713], [0.000307, -0.001538, 0.010726]]
[1680900917400, [-0.361, 8.157, 5.727], [-0.000374, -0.002171, 0.013009]]
[1680900917420, [-0.383, 8.146, 5.691], [-0.001429, -0.00188, 0.011265]]
[1680900917440, [-0.39, 8.145, 5.701], [0.000109, -0.002313, 0.011534]]
[1680900917460, [-0.35, 8.161, 5.712], [-0.001626, -0.003717, 0.012684]]
[1680900917480, [-0.355, 8.148, 5.713], [0.000583, -0.003279, 0.011545]]
[1680900917500, [-0.367, 8.15, 5.712], [-0.001163, -0.002882, 0.012341]]
[1680900917520, [-0.365, 8.148, 5.694], [-0.002034, -0.002646, 0.013071]]
[1680900917540, [-0.376, 8.169, 5.705], [0.000133, -0.001408, 0.011029]]
[1680900917560, [-0.373, 8.158, 5.688], [-0.001286, -0.002877, 0.0121]]
[1680900917580, [-0.377, 8.158, 5.685], [0.000971, -0.002344, 0.011112]]
[1680900917600, [-0.388, 8.147, 5.665], [-0.000333, -0.002673, 0.011095]]
[1680900917620, [-0.385, 8.138, 5.655], [-0.001102, -0.002945, 0.011637]]
[1680900917640, [-0.391, 8.138, 5.715], [0.000147, -0.001102, 0.010761]]
[1680900917660, [-0.36, 8.136, 5.694], [-0.002038, -0.003201, 0.012666]]
[1680900917680, [-0.351, 8.139, 5.705], [0.000267, -0.002128, 0.011731]]
[1680900917700, [-0.381, 8.147, 5.648], [-0.002532, -0.001338, 0.013482]]
[1680900917720, [-0.356, 8.137, 5.674], [-0.000948, -0.002146, 0.012717]]
[1680900917740, [-0.369, 8.162, 5.697], [0.000583, -0.003535, 0.01224]]
[1680900917760, [-0.385, 8.168, 5.69], [-0.000107, -0.003933, 0.012379]]
[1680900917780, [-0.372, 8.151, 5.709], [-0.001446, -0.000674, 0.010264]]
[1680900917800, [-0.369, 8.128, 5.668], [0.000624, -0.002198, 0.01181]]
[1680900917820, [-0.363, 8.135, 5.676], [0.000221, -0.001487, 0.011859]]
[1680900917840, [-0.367, 8.175, 5.686], [-0.002564, -0.003181, 0.012506]]
[1680900917860, [-0.368, 8.166, 5.69], [-0.000691, -0.002018, 0.01144]]
[1680900917880, [-0.35, 8.146, 5.7], [-0.001053, -0.003026, 0.011412]]
[1680900917900, [-0.367, 8.149, 5.695], [-0.001328, -0.002976, 0.011956]]
[1680900917920, [-0.363, 8.17, 5.689], [0.000829, -0.001899, 0.01061]]
[1680900917940, [-0.362, 8.132, 5.68], [-0.002426, -0.003197, 0.011882]]
[1680900917960, [-0.374, 8.144, 5.665], [-0.000316, -0.001927, 0.011728]]
[1680900917980, [-0.36, 8.144, 5.708], [0.000161, -0.001414, 0.01151]]
[1680900918000, [-0.385, 8.127, 5.682], [-0.002855, -0.002433, 0.01315]]
[1680900918020, [-0.371, 8.163, 5.707], [0.001783, -0.002465, 0.010002]]
[1680900918040, [-0.353, 8.157, 5.707], [-0.002982, -0.004017, 0.01253]]
[1680900918060, [-0.389, 8.152, 5.694], [-0.000638, -0.003091, 0.011546]]
[1680900918080, [-0.4, 8.148, 5.675], [-0.000516, -0.001206, 0.010684]]
[1680900918100, [-0.368, 8.131, 5.672], [-0.002251, -0.002616, 0.012194]]
[1680900918120, [-0.368, 8.146, 5.691], [-0.001316, -0.004513, 0.012013]]
[1680900918140, [-0.357, 8.158, 5.697], [-0.001187, -0.001854, 0.012409]]
[1680900918160, [-0.39, 8.122, 5.709], [0.000101, -0.002324, 0.01321]]
[1680900918180, [-0.379, 8.138, 5.671], [-0.000174, -0.001425, 0.013347]]
[1680900918200, [-0.383, 8.135, 5.688], [-0.000929, -0.00166, 0.010969]]
[1680900918220, [-0.369, 8.163, 5.688], [-0.001199, -0.002903, 0.013178]]
[1680900918240, [-0.376, 8.139, 5.682], [-0.000342, -0.001905, 0.011889]]
[1680900918260, [-0.354, 8.151, 5.699], [0.000464, -0.001743, 0.011193]]
[1680900918280, [-0.371, 8.138, 5.693], [-0.001386, -0.002969, 0.013167]]
[1680900918300, [-0.393, 8.158, 5.697], [-0.000747, -0.003249, 0.011081]]
[1680900918320, [-0.356, 8.161, 5.706], [4.1e-05, -0.00173, 0.01142]]
[1680900918340, [-0.373, 8.127, 5.688], [0.000719, -0.002376, 0.011762]]
[1680900918360, [-0.364, 8.122, 5.694], [-0.000263, -0.002196, 0.01208]]
[1680900918380, [-0.388, 8.147, 5.687], [-0.002094, -0.003053, 0.011892]]
[1680900918400, [-0.388, 8.159, 5.677], [-0.000401, -0.002681, 0.011139]]
[1680900918420, [-0.382, 8.153, 5.703], [-0.00196, -0.002912, 0.012769]]
[1680900918440, [-0.355, 8.118, 5.655], [0.000664, -0.002438, 0.011986]]
[1680900918460, [-0.358, 8.145, 5.693], [-0.002166, -0.002013, 0.013064]]
[1680900918480, [-0.383, 8.151, 5.677], [-0.000926, -0.002845, 0.012193]]
[1680900918500, [-0.357, 8.15, 5.73], [0.000195, -0.00288, 0.011128]]
[1680900918520, [-0.39, 8.158, 5.737], [-0.002456, -0.002903, 0.01382]]
[1680900918540, [-0.378, 8.147, 5.719], [0.000421, -0.001338, 0.010391]]
[1680900918560, [-0.385, 8.123, 5.694], [-8.9e-05, -0.001704, 0.011765]]
[1680900918580, [-0.377, 8.128, 5.684], [-0.000478, -0.002696, 0.011406]]
[1680900918600, [-0.374, 8.162, 5.704], [-0.002094, -0.002439, 0.011628]]
[1680900918620, [-0.4, 8.161, 5.713], [8.1e-05, -0.003557, 0.013083]]
[1680900918640, [-0.373, 8.149, 5.697], [0.0004, -0.000973, 0.011263]]
[1680900918660, [-0.361, 8.126, 5.693], [-0.000539, -0.003365, 0.012971]]
[1680900918680, [-0.389, 8.15, 5.694], [-0.000433, -0.000788, 0.011516]]
[1680900918700, [-0.379, 8.139, 5.68], [-0.002196, -0.005047, 0.013779]]
[1680900918720, [-0.396, 8.119, 5.702], [-0.000677, -0.00208, 0.010986]]
[1680900918740, [-0.377, 8.15, 5.716], [0.001453, -0.002361, 0.010548]]
[1680900918760, [-0.382, 8.154, 5.676], [-0.00148, -0.003561, 0.013043]]
[1680900918780, [-0.378, 8.121, 5.697], [0.00115, -0.001381, 0.010523]]
[1680900918800, [-0.374, 8.147, 5.69], [-0.001799, -0.003041, 0.012623]]
[1680900918820, [-0.39, 8.155, 5.672], [-0.001597, -0.001361, 0.01231]]
[1680900918840, [-0.365, 8.177, 5.704], [-4.4e-05, -0.001621, 0.010861]]
[1680900918860, [-0.367, 8.148, 5.689], [-0.000684, -0.002219, 0.01206]]
[1680900918880, [-0.383, 8.152, 5.668], [-0.001418, -0.001911, 0.01191]]
[1680900918900, [-0.375, 8.145, 5.713], [-0.000317, -0.002928, 0.012526]]
[1680900918920, [-0.386, 8.155, 5.693], [-9.7e-05, -0.002775, 0.011286]]
[1680900918940, [-0.377, 8.134, 5.701], [-0.001782, -0.001802, 0.010759]]
[1680900918960, [-0.386, 8.156, 5.684], [0.00018, -0.001952, 0.010692]]
[1680900918980, [-0.374, 8.151, 5.713], [-0.000308, -0.003229, 0.011825]]
[1680900919000, [-0.37, 8.138, 5.688], [-0.001453, -0.001693, 0.012207]]
[1680900919020, [-0.366, 8.161, 5.693], [-0.000651, -0.00258, 0.01013]]
[1680900919040, [-0.372, 8.13, 5.687], [-0.000937, -0.00229, 0.012373]]
[1680900919060, [-0.373, 8.135, 5.725], [0.000567, -0.00287, 0.011314]]
[1680900919080, [-0.388, 8.163, 5.707], [-0.000466, -0.002856, 0.011661]]
[1680900919100, [-0.356, 8.145, 5.667], [-0.000229, -0.002617, 0.011879]]
[1680900919120, [-0.375, 8.161, 5.705], [-0.000123, -0.001974, 0.011485]]
[1680900919140, [-0.357, 8.142, 5.717], [-0.002498, -0.002319, 0.011332]]
[1680900919160, [-0.358, 8.148, 5.683], [0.00073, -0.002453, 0.012411]]
[1680900919180, [-0.365, 8.149, 5.695], [-0.001022, -0.002973, 0.01149]]
[1680900919200, [-0.371, 8.142, 5.66], [-0.0013, -0.002709, 0.01178]]
[1680900919220, [-0.38, 8.178, 5.708], [0.000501, -0.000651, 0.010036]]
[1680900919240, [-0.367, 8.129, 5.676], [-0.001265, -0.002493, 0.013069]]
[1680900919260, [-0.362, 8.143, 5.699], [-0.001945, -0.002007, 0.011972]]
[1680900919280, [-0.373, 8.137, 5.707], [-0.001492, -0.00228, 0.012986]]
[1680900919300, [-0.377, 8.157, 5.66], [-0.002582, -0.002338, 0.01203]]
[1680900919320, [-0.383, 8.144, 5.708], [0.000412, -0.001615, 0.01195]]
[1680900919340, [-0.371, 8.156, 5.712], [-0.001169, -0.003533, 0.01223]]
[1680900919360, [-0.351, 8.158, 5.692], [-0.000148, -0.001832, 0.011579]]
[1680900919380, [-0.38, 8.131, 5.685], [-0.000938, -0.003015, 0.012112]]
[1680900919400, [-0.375, 8.151, 5.683], [-4.7e-05, -0.00206, 0.011853]]
[1680900919420, [-0.361, 8.153, 5.686], [-0.001337, -0.003194, 0.013064]]
[1680900919440, [-0.379, 8.164, 5.702], [1.4e-05, -0.002186, 0.012104]]
[1680900919460, [-0.388, 8.14, 5.708], [0.000613, -0.000277, 0.011548]]
[1680900919480, [-0.392, 8.145, 5.699], [-0.000687, -0.002093, 0.01249]]
[1680900919500, [-0.374, 8.171, 5.665], [0.002331, -0.002426, 0.011704]]
[1680900919520, [-0.364, 8.158, 5.672], [-0.001195, -0.001965, 0.011265]]
[1680900919540, [-0.366, 8.13, 5.688], [-0.000126, -0.002349, 0.010815]]
[1680900919560, [-0.358, 8.134, 5.703], [-0.001713, -0.002654, 0.011433]]
[1680900919580, [-0.383, 8.14, 5.689], [-0.001039, -0.001236, 0.013146]]
[1680900919600, [-0.37, 8.133, 5.709], [0.001569, -0.00239, 0.01048]]
[1680900919620, [-0.366, 8.15, 5.678], [-0.002777, -0.002826, 0.012998]]
[1680900919640, [-0.393, 8.134, 5.65], [0.000133, -0.003855, 0.011493]]
[1680900919660, [-0.392, 8.156, 5.675], [-0.00014, -0.00306, 0.010782]]
[1680900919680, [-0.371, 8.15, 5.68], [-0.001631, -0.001673, 0.013604]]
[1680900919700, [-0.382, 8.127, 5.661], [0.000184, -0.002046, 0.010999]]
[1680900919720, [-0.371, 8.146, 5.711], [-0.000822, -0.002753, 0.012273]]
[1680900919740, [-0.365, 8.162, 5.691], [-0.001504, -0.002773, 0.013643]]
[1680900919760, [-0.385, 8.14, 5.672], [0.000691, -0.001602, 0.011975]]
[1680900919780, [-0.388, 8.151, 5.665], [-0.001329, -0.002736, 0.011701]]
[1680900919800, [-0.353, 8.177, 5.734], [-0.000812, -0.00328, 0.01176]]
[1680900919820, [-0.351, 8.136, 5.666], [0.00029, -0.002131, 0.011705]]
[1680900919840, [-0.379, 8.154, 5.692], [-0.001868, -0.00235, 0.00953]]
[1680900919860, [-0.35, 8.149, 5.695], [-0.001831, -0.003295, 0.012547]]
[1680900919880, [-0.38, 8.136, 5.693], [0.001842, -0.002148, 0.010323]]
[1680900919900, [-0.363, 8.162, 5.735], [-0.00172, -0.001002, 0.012955]]
[1680900919920, [-0.393, 8.142, 5.683], [-0.000546, -0.003187, 0.011355]]
[1680900919940, [-0.391, 8.15, 5.687], [0.000796, -0.000776, 0.010808]]
[1680900919960, [-0.371, 8.17, 5.662], [-0.00311, -0.003268, 0.012974]]
[1680900919980, [-0.379, 8.151, 5.69], [-0.00068, -0.002024, 0.010506]]
[1680900920000, [-0.368, 8.118, 5.692], [-0.002082, -0.003143, 0.011919]]
[1680900920020, [-0.354, 8.12, 5.732], [-4.7e-05, -0.001762, 0.012498]]
[1680900920040, [-0.399, 8.137, 5.711], [-7.4e-05, -0.001149, 0.012025]]
[1680900920060, [-0.366, 8.133, 5.681], [-0.000598, -0.003157, 0.011546]]
[1680900920080, [-0.382, 8.151, 5.696], [-0.002487, -0.001769, 0.012063]]
[1680900920100, [-0.357, 8.17, 5.707], [-0.001064, -0.003513, 0.01155]]
[1680900920120, [-0.393, 8.157, 5.658], [0.001414, -0.001705, 0.013081]]
[1680900920140, [-0.377, 8.14, 5.681], [-0.00076, -0.002868, 0.012907]]
[1680900920180, [-0.383, 8.141, 5.699], [-0.001209, -0.000669, 0.012256]]
[1680900920200, [-0.355, 8.156, 5.732], [-0.001211, -0.001787, 0.012449]]
[1680900920220, [-0.378, 8.09, 5.724], [-0.000927, -0.002109, 0.011307]]
[1680900920240, [-0.355, 8.141, 5.701], [-0.000688, -0.002151, 0.011707]]
[1680900920260, [-0.366, 8.131, 5.697], [-0.001682, -0.003571, 0.012681]]
[1680900920280, [-0.377, 8.15, 5.642], [0.000294, -0.00112, 0.011359]]
[1680900920300, [-0.386, 8.164, 5.709], [-0.001378, -0.003211, 0.012079]]
[1680900920320, [-0.368, 8.136, 5.632], [-0.000747, -0.003925, 0.011555]]
[1680900920340, [-0.369, 8.139, 5.69], [-0.000745, -0.002971, 0.011555]]
[1680900920360, [-0.394, 8.137, 5.661], [-0.001575, -0.004036, 0.012955]]
[1680900920380, [-0.371, 8.128, 5.659], [-0.000605, -0.002077, 0.012317]]
[1680900920400, [-0.384, 8.145, 5.686], [-0.000923, -0.002677, 0.01287]]
[1680900920420, [-0.362, 8.131, 5.673], [-0.001706, -0.001773, 0.01182]]
[1680900920440, [-0.379, 8.148, 5.699], [0.001944, -0.002241, 0.011561]]
[1680900920460, [-0.383, 8.144, 5.656], [-0.002304, -0.003466, 0.012536]]
[1680900920480, [-0.384, 8.126, 5.711], [-0.000346, -0.002882, 0.011501]]
[1680900920500, [-0.36, 8.142, 5.659], [-0.001827, -0.002336, 0.011922]]
[1680900920520, [-0.347, 8.134, 5.681], [-0.000477, -0.002112, 0.011639]]
[1680900920540, [-0.369, 8.145, 5.699], [-0.000199, -0.002324, 0.01164]]
[1680900920560, [-0.356, 8.134, 5.696], [-0.00104, -0.002811, 0.013298]]
[1680900920580, [-0.376, 8.164, 5.683], [-0.000447, -0.003395, 0.013038]]
[1680900920600, [-0.373, 8.149, 5.645], [-0.000366, -0.001283, 0.012027]]
[1680900920620, [-0.383, 8.161, 5.666], [0.001533, -0.001508, 0.011149]]
[1680900920640, [-0.378, 8.158, 5.687], [-0.002763, -0.001456, 0.012964]]
[1680900920660, [-0.402, 8.124, 5.72], [-0.001814, -0.00213, 0.012359]]
[1680900920680, [-0.36, 8.154, 5.717], [-0.001414, -0.002327, 0.011443]]
[1680900920700, [-0.368, 8.127, 5.693], [-0.000879, -0.002973, 0.012093]]
[1680900920720, [-0.37, 8.143, 5.696], [0.001718, -0.001346, 0.010641]]
[1680900920740, [-0.352, 8.133, 5.701], [-0.002461, -0.002676, 0.013086]]
[1680900920760, [-0.389, 8.134, 5.639], [-0.000541, -0.002886, 0.010066]]
[1680900920780, [-0.375, 8.135, 5.702], [-0.000151, -0.000928, 0.01024]]
[1680900920800, [-0.365, 8.138, 5.667], [-0.002589, -0.004111, 0.011906]]
[1680900920820, [-0.387, 8.162, 5.69], [0.001256, -0.000905, 0.010197]]
[1680900920840, [-0.37, 8.144, 5.707], [-0.002913, -0.004039, 0.012756]]
[1680900920860, [-0.375, 8.123, 5.684], [-0.001995, -0.003105, 0.010903]]
[1680900920880, [-0.376, 8.157, 5.709], [-0.000343, -0.002899, 0.012247]]
[1680900920900, [-0.372, 8.14, 5.693], [-0.002409, -0.00195, 0.011932]]
[1680900920920, [-0.395, 8.152, 5.7], [-0.000596, -0.001659, 0.011274]]
[1680900920940, [-0.402, 8.129, 5.658], [-0.002357, -0.002336, 0.01168]]
[1680900920960, [-0.365, 8.144, 5.671], [-0.000799, -0.002011, 0.011379]]
[1680900920980, [-0.381, 8.146, 5.695], [-0.001323, -0.002842, 0.012355]]
[1680900921000, [-0.356, 8.142, 5.665], [0.000928, -0.000654, 0.010767]]
[1680900921020, [-0.358, 8.143, 5.712], [-0.001061, -0.002268, 0.011416]]
[1680900921040, [-0.371, 8.14, 5.665], [-0.002316, -0.002446, 0.012325]]
[1680900921060, [-0.364, 8.158, 5.709], [-0.000134, -0.001663, 0.011154]]
[1680900921080, [-0.359, 8.158, 5.71], [-0.001622, -0.001803, 0.012994]]
[1680900921100, [-0.364, 8.151, 5.67], [0.00185, -0.002248, 0.011609]]
[1680900921120, [-0.348, 8.153, 5.694], [-0.00065, -0.003657, 0.012802]]
[1680900921140, [-0.373, 8.124, 5.641], [-0.00138, -0.001807, 0.01141]]
[1680900921160, [-0.377, 8.127, 5.718], [0.000483, -0.000771, 0.012272]]
[1680900921180, [-0.378, 8.133, 5.693], [-0.002758, -0.003137, 0.011699]]
[1680900921200, [-0.393, 8.149, 5.738], [0.001407, -0.002162, 0.011797]]
[1680900921220, [-0.371, 8.143, 5.672], [-0.000956, -0.002224, 0.011846]]
[1680900921240, [-0.361, 8.151, 5.666], [-0.001209, -0.001951, 0.011293]]
[1680900921260, [-0.355, 8.138, 5.674], [-0.0012, -0.001547, 0.010089]]
[1680900921280, [-0.371, 8.142, 5.662], [-0.00146, -0.002976, 0.01177]]
[1680900921300, [-0.376, 8.151, 5.696], [-0.000838, -0.003164, 0.011972]]
[1680900921320, [-0.361, 8.131, 5.741], [-0.003117, -0.00313, 0.012014]]
[1680900921340, [-0.363, 8.144, 5.726], [-0.000499, -0.002491, 0.010393]]
[1680900921360, [-0.371, 8.138, 5.691], [-0.001265, -0.001416, 0.011165]]
[1680900921380, [-0.369, 8.137, 5.683], [0.000612, -0.002797, 0.010128]]
[1680900921400, [-0.345, 8.16, 5.72], [1.5e-05, -0.001561, 0.011871]]
[1680900921420, [-0.385, 8.155, 5.681], [-0.002109, -0.003944, 0.012608]]
[1680900921440, [-0.369, 8.161, 5.737], [-0.00057, -0.001518, 0.010478]]
[1680900921460, [-0.39, 8.137, 5.656], [-0.000279, -0.002162, 0.012245]]
[1680900921480, [-0.349, 8.145, 5.688], [0.001098, -0.001382, 0.011804]]
[1680900921500, [-0.366, 8.121, 5.731], [-0.001994, -0.00195, 0.013369]]
[1680900921520, [-0.381, 8.125, 5.692], [0.00128, -0.00266, 0.011004]]
[1680900921540, [-0.377, 8.121, 5.69], [-0.001061, -0.001956, 0.011744]]
[1680900921560, [-0.353, 8.143, 5.637], [-0.001461, -0.002631, 0.011619]]
[1680900921600, [-0.374, 8.155, 5.704], [0.001693, -0.002054, 0.011101]]
[1680900921620, [-0.359, 8.133, 5.686], [-0.002509, -0.002694, 0.011542]]
[1680900921640, [-0.389, 8.138, 5.662], [-0.001072, -0.001563, 0.012032]]
[1680900921660, [-0.364, 8.15, 5.722], [-0.001034, -0.002978, 0.012315]]
[1680900921680, [-0.388, 8.141, 5.702], [-0.001599, -0.00325, 0.01373]]
[1680900921700, [-0.389, 8.152, 5.67], [-0.000133, -0.003182, 0.012649]]
[1680900921720, [-0.392, 8.132, 5.653], [-0.000197, -0.002656, 0.012472]]
[1680900921740, [-0.368, 8.149, 5.699], [-0.001355, -0.002365, 0.011981]]
[1680900921760, [-0.386, 8.156, 5.658], [-0.001587, -0.002225, 0.01101]]
[1680900921780, [-0.398, 8.144, 5.658], [0.001836, -0.002447, 0.010987]]
[1680900921800, [-0.371, 8.154, 5.694], [-0.000811, -0.003416, 0.012307]]
[1680900921820, [-0.376, 8.142, 5.697], [0.000367, -0.002326, 0.011174]]
[1680900921840, [-0.348, 8.158, 5.74], [-0.002109, -0.000834, 0.010681]]
[1680900921860, [-0.347, 8.13, 5.698], [-0.00145, -0.003741, 0.011807]]
[1680900921880, [-0.377, 8.151, 5.693], [0.00122, -0.001205, 0.011624]]
[1680900921900, [-0.363, 8.153, 5.692], [-0.000598, -0.002356, 0.013359]]
[1680900921920, [-0.38, 8.118, 5.672], [-0.001193, -0.001662, 0.011473]]
[1680900921940, [-0.371, 8.173, 5.704], [0.000489, -0.002304, 0.011705]]
[1680900921960, [-0.376, 8.135, 5.678], [-0.002734, -0.002972, 0.011839]]
[1680900921980, [-0.363, 8.159, 5.721], [6.8e-05, -0.002087, 0.010816]]
[1680900922000, [-0.383, 8.116, 5.701], [-0.001166, -0.002762, 0.012269]]
[1680900922020, [-0.347, 8.152, 5.686], [-0.000847, -0.002123, 0.011163]]
[1680900922040, [-0.366, 8.154, 5.681], [-0.000849, -0.001585, 0.011712]]
[1680900922060, [-0.386, 8.149, 5.646], [-0.001329, -0.001832, 0.011051]]
[1680900922080, [-0.372, 8.148, 5.679], [0.000489, -0.002648, 0.011923]]
[1680900922100, [-0.37, 8.156, 5.646], [-0.00163, -0.003655, 0.012765]]
[1680900922120, [-0.371, 8.157, 5.68], [-0.001153, -0.000787, 0.011159]]
[1680900922140, [-0.391, 8.138, 5.711], [-0.00163, -0.003282, 0.012505]]
[1680900922160, [-0.359, 8.169, 5.703], [-0.000205, -0.002563, 0.011071]]
[1680900922180, [-0.366, 8.172, 5.746], [-0.000334, -0.003443, 0.012292]]
[1680900922200, [-0.36, 8.159, 5.723], [-0.000255, -0.003017, 0.011994]]
[1680900922220, [-0.384, 8.15, 5.681], [-0.001129, -0.002192, 0.011522]]
[1680900922240, [-0.378, 8.146, 5.707], [-0.002678, -0.003041, 0.012931]]
[1680900922260, [-0.377, 8.155, 5.69], [0.000136, -0.001809, 0.010355]]
[1680900922280, [-0.374, 8.133, 5.72], [-0.00199, -0.001978, 0.011392]]
[1680900922300, [-0.375, 8.124, 5.662], [0.000528, -0.003072, 0.011928]]
[1680900922320, [-0.383, 8.14, 5.682], [-0.000196, -0.001377, 0.012135]]
[1680900922340, [-0.374, 8.128, 5.665], [-0.002311, -0.002929, 0.011346]]
[1680900922360, [-0.378, 8.157, 5.686], [-0.00045, -0.000644, 0.01134]]
[1680900922380, [-0.368, 8.168, 5.707], [-0.002319, -0.002605, 0.012312]]
[1680900922420, [-0.36, 8.145, 5.681], [-0.000822, -0.001693, 0.01186]]
[1680900922440, [-0.369, 8.132, 5.691], [-0.00021, -0.001604, 0.012298]]
[1680900922460, [-0.404, 8.135, 5.694], [-0.002123, -0.004301, 0.012546]]
[1680900922480, [-0.369, 8.167, 5.678], [-0.000473, -0.000327, 0.011537]]
[1680900922500, [-0.375, 8.143, 5.66], [-0.001961, -0.003163, 0.012559]]
[1680900922520, [-0.368, 8.152, 5.689], [-4.3e-05, -0.001933, 0.011938]]
[1680900922540, [-0.384, 8.13, 5.689], [-0.0009, -0.002343, 0.011874]]
[1680900922560, [-0.359, 8.152, 5.671], [0.000278, -0.001362, 0.011628]]
[1680900922580, [-0.363, 8.153, 5.689], [-0.001116, -0.002737, 0.011766]]
[1680900922600, [-0.397, 8.147, 5.734], [-0.000469, -0.001155, 0.010616]]
[1680900922620, [-0.366, 8.123, 5.729], [0.000186, -0.002397, 0.012053]]
[1680900922640, [-0.358, 8.126, 5.706], [-0.002677, -0.00279, 0.012502]]
[1680900922660, [-0.361, 8.154, 5.653], [0.001813, -0.000963, 0.010781]]
[1680900922680, [-0.358, 8.13, 5.713], [-0.00214, -0.002813, 0.013727]]
[1680900922700, [-0.378, 8.129, 5.678], [0.00101, -0.001497, 0.00974]]
[1680900922720, [-0.383, 8.172, 5.689], [-0.000638, -0.002087, 0.011612]]
[1680900922740, [-0.386, 8.129, 5.67], [-0.002131, -0.002158, 0.012772]]
[1680900922760, [-0.381, 8.14, 5.683], [0.001111, -0.002703, 0.01179]]
[1680900922780, [-0.359, 8.119, 5.675], [-0.002254, -0.003035, 0.011522]]
[1680900922800, [-0.373, 8.118, 5.71], [-0.001212, -0.001964, 0.012523]]
[1680900922820, [-0.366, 8.154, 5.721], [-0.001031, -0.0046, 0.011097]]
[1680900922840, [-0.375, 8.154, 5.686], [-0.00173, -0.002729, 0.01097]]
[1680900922860, [-0.355, 8.142, 5.702], [-0.001089, -0.002591, 0.011831]]
[1680900922880, [-0.386, 8.128, 5.676], [-0.00098, -0.001068, 0.01156]]
[1680900922900, [-0.371, 8.151, 5.711], [-0.000365, -0.003462, 0.011123]]
[1680900922920, [-0.404, 8.133, 5.674], [-0.000779, -0.003065, 0.013301]]
[1680900922940, [-0.374, 8.136, 5.669], [-2.2e-05, -0.001287, 0.012359]]
[1680900922960, [-0.349, 8.12, 5.729], [-0.000533, -0.002604, 0.011485]]
[1680900922980, [-0.391, 8.165, 5.695], [-0.000464, -0.001586, 0.011778]]
[1680900923000, [-0.366, 8.13, 5.732], [0.001226, -0.002789, 0.010912]]
[1680900923020, [-0.367, 8.127, 5.65], [-0.002303, -0.000988, 0.011974]]
[1680900923040, [-0.384, 8.122, 5.657], [-0.000318, -0.002447, 0.012218]]
[1680900923060, [-0.374, 8.129, 5.704], [-0.002091, -0.002612, 0.01211]]
[1680900923080, [-0.381, 8.137, 5.678], [0.000806, -0.000935, 0.010824]]
[1680900923100, [-0.358, 8.147, 5.699], [-0.002144, -0.002663, 0.013151]]
[1680900923120, [-0.383, 8.14, 5.675], [-0.001163, -0.002584, 0.012896]]
[1680900923140, [-0.338, 8.158, 5.7], [-0.001065, -0.002934, 0.011529]]
[1680900923160, [-0.392, 8.174, 5.671], [-0.001361, -0.001814, 0.012448]]
[1680900923180, [-0.359, 8.163, 5.672], [0.000784, -0.001181, 0.011906]]
[1680900923200, [-0.384, 8.157, 5.712], [-0.001923, -0.002553, 0.012142]]
[1680900923220, [-0.381, 8.155, 5.688], [-0.001198, -0.003238, 0.011641]]
[1680900923240, [-0.365, 8.152, 5.689], [-0.001648, -0.00317, 0.011347]]
[1680900923260, [-0.354, 8.162, 5.706], [-0.001335, -0.001641, 0.012405]]
[1680900923280, [-0.37, 8.16, 5.701], [0.000607, -0.002978, 0.011701]]
[1680900923300, [-0.372, 8.138, 5.678], [-0.000117, -0.001656, 0.010899]]
[1680900923320, [-0.382, 8.146, 5.703], [-0.000193, -0.002266, 0.012383]]
[1680900923340, [-0.361, 8.152, 5.687], [-0.00118, -0.002286, 0.011789]]
[1680900923360, [-0.335, 8.15, 5.723], [0.000798, -0.002917, 0.010436]]
[1680900923380, [-0.381, 8.16, 5.713], [-0.000649, -0.001268, 0.011734]]
[1680900923400, [-0.376, 8.122, 5.655], [-9.8e-05, -0.002949, 0.011489]]
[1680900923420, [-0.367, 8.128, 5.689], [-0.001535, -0.000537, 0.011635]]
[1680900923440, [-0.38, 8.155, 5.709], [-0.002037, -0.002223, 0.012746]]
[1680900923460, [-0.394, 8.161, 5.691], [0.00166, -0.001031, 0.011516]]
[1680900923480, [-0.355, 8.119, 5.718], [-0.000596, -0.003273, 0.012625]]
[1680900923500, [-0.403, 8.136, 5.668], [-0.001219, -0.003376, 0.012693]]
[1680900923520, [-0.382, 8.16, 5.67], [0.000185, -0.000258, 0.01071]]
[1680900923540, [-0.363, 8.183, 5.685], [-0.002358, -0.00265, 0.01258]]
[1680900923560, [-0.357, 8.159, 5.695], [-0.001398, -0.002987, 0.011673]]
[1680900923580, [-0.369, 8.134, 5.668], [0.000256, -0.002818, 0.011855]]
[1680900923600, [-0.379, 8.142, 5.644], [-0.000451, -0.003087, 0.012556]]
[1680900923620, [-0.376, 8.155, 5.724], [-0.000783, -0.001996, 0.011625]]
[1680900923640, [-0.38, 8.149, 5.706], [-0.002307, -0.001977, 0.011506]]
[1680900923660, [-0.362, 8.174, 5.709], [-0.0011, -0.002607, 0.012298]]
[1680900923680, [-0.385, 8.146, 5.678], [-0.001457, -0.003112, 0.012664]]
[1680900923700, [-0.353, 8.157, 5.678], [0.001774, -0.001003, 0.010744]]
[1680900923720, [-0.369, 8.169, 5.685], [-0.001386, -0.002468, 0.013361]]
[1680900923740, [-0.381, 8.156, 5.719], [0.000619, -0.00202, 0.010997]]
[1680900923760, [-0.349, 8.14, 5.71], [0.001029, -0.001557, 0.010658]]
[1680900923780, [-0.35, 8.139, 5.671], [-0.00237, -0.003006, 0.012971]]
[1680900923800, [-0.374, 8.152, 5.679], [0.001421, -0.001989, 0.010725]]
[1680900923820, [-0.369, 8.118, 5.747], [-0.001789, -0.003876, 0.012644]]
[1680900923840, [-0.375, 8.14, 5.686], [-0.000319, -0.000835, 0.012112]]
[1680900923860, [-0.353, 8.12, 5.713], [-0.000683, -0.003836, 0.011727]]
[1680900923880, [-0.381, 8.138, 5.662], [-0.001025, -0.002084, 0.01108]]
[1680900923900, [-0.379, 8.167, 5.654], [-0.000428, -0.002498, 0.011537]]
[1680900923920, [-0.371, 8.158, 5.698], [-0.00196, -0.003204, 0.012905]]
[1680900923940, [-0.37, 8.156, 5.688], [-0.001381, -0.004643, 0.009942]]
[1680900923960, [-0.376, 8.147, 5.731], [-0.000339, -0.001634, 0.012936]]
[1680900923980, [-0.359, 8.147, 5.702], [-0.001356, -0.003346, 0.012485]]
[1680900924000, [-0.376, 8.151, 5.676], [0.000746, -0.001022, 0.012221]]
[1680900924020, [-0.389, 8.134, 5.635], [-0.002168, -0.002263, 0.012907]]
[1680900924040, [-0.392, 8.155, 5.692], [0.001052, -0.002019, 0.010478]]
[1680900924060, [-0.375, 8.143, 5.659], [-0.000314, -0.002438, 0.011206]]
[1680900924080, [-0.382, 8.146, 5.683], [0.001162, -0.003076, 0.011015]]
[1680900924100, [-0.374, 8.151, 5.688], [-0.001511, -0.001145, 0.011671]]
[1680900924120, [-0.37, 8.161, 5.694], [-0.000121, -0.002368, 0.011893]]
[1680900924140, [-0.383, 8.161, 5.743], [0.000667, -0.002759, 0.010501]]
[1680900924160, [-0.384, 8.101, 5.675], [-0.000877, -0.00242, 0.011762]]
[1680900924180, [-0.404, 8.138, 5.663], [0.000582, -0.001987, 0.011702]]
[1680900924200, [-0.415, 8.166, 5.719], [-0.00182, -0.002607, 0.011992]]
[1680900924220, [-0.387, 8.129, 5.699], [0.000898, -0.002677, 0.011602]]
[1680900924240, [-0.369, 8.145, 5.696], [-0.000233, -0.001778, 0.010224]]
[1680900924260, [-0.37, 8.148, 5.634], [-0.00094, -0.00322, 0.012651]]
[1680900924280, [-0.37, 8.134, 5.705], [-0.000348, -0.001845, 0.011063]]
[1680900924300, [-0.396, 8.153, 5.724], [-0.000773, -0.003597, 0.011763]]
[1680900924320, [-0.388, 8.151, 5.694], [-0.001128, -0.002206, 0.011574]]
[1680900924340, [-0.388, 8.159, 5.681], [0.000439, -0.00236, 0.011657]]
[1680900924360, [-0.404, 8.155, 5.695], [-0.000197, -0.002626, 0.011977]]
[1680900924380, [-0.376, 8.16, 5.707], [-0.00062, -0.002067, 0.01261]]
[1680900924400, [-0.367, 8.117, 5.651], [-0.001355, -0.003158, 0.011745]]
[1680900924420, [-0.387, 8.153, 5.724], [0.000185, -0.0016, 0.011499]]
[1680900924440, [-0.366, 8.113, 5.709], [-0.000119, -0.002024, 0.011837]]
[1680900924460, [-0.394, 8.156, 5.694], [0.000279, -0.002931, 0.012592]]
[1680900924480, [-0.378, 8.131, 5.714], [-0.001167, -0.004041, 0.012927]]
[1680900924500, [-0.392, 8.151, 5.656], [-0.00061, -0.001692, 0.011715]]
[1680900924520, [-0.386, 8.129, 5.756], [0.000688, -0.002424, 0.011867]]
[1680900924540, [-0.37, 8.131, 5.649], [-0.001907, -0.002513, 0.012498]]
[1680900924560, [-0.381, 8.133, 5.683], [0.002182, -0.002171, 0.01109]]
[1680900924580, [-0.368, 8.139, 5.712], [-0.002859, -0.003187, 0.012898]]
[1680900924600, [-0.395, 8.142, 5.667], [-0.001091, -0.002924, 0.011167]]
[1680900924620, [-0.394, 8.142, 5.671], [-0.000189, -0.002273, 0.011335]]
[1680900924640, [-0.362, 8.125, 5.662], [-0.002689, -0.001343, 0.01174]]
[1680900924660, [-0.385, 8.159, 5.701], [0.001455, -0.002744, 0.01187]]
[1680900924680, [-0.396, 8.163, 5.674], [-0.001599, -0.002161, 0.013091]]
[1680900924700, [-0.377, 8.149, 5.648], [-0.001136, -0.002586, 0.013109]]
[1680900924720, [-0.367, 8.137, 5.675], [-0.001195, -0.002406, 0.011844]]
[1680900924740, [-0.363, 8.157, 5.692], [-0.001203, -0.002412, 0.012894]]
[1680900924760, [-0.409, 8.128, 5.702], [-0.001469, -0.001585, 0.012059]]
[1680900924780, [-0.385, 8.148, 5.693], [-0.001312, -0.002314, 0.011935]]
[1680900924800, [-0.391, 8.151, 5.711], [-0.000694, -0.001989, 0.010812]]
[1680900924820, [-0.393, 8.132, 5.722], [-0.001683, -0.00044, 0.010994]]
[1680900924840, [-0.39, 8.162, 5.668], [4.4e-05, -0.001591, 0.012075]]
[1680900924860, [-0.372, 8.16, 5.696], [-0.00159, -0.00194, 0.013268]]
[1680900924880, [-0.378, 8.154, 5.684], [0.000371, -0.002687, 0.011711]]
[1680900924900, [-0.387, 8.148, 5.706], [0.000763, -0.00284, 0.010741]]
[1680900924920, [-0.37, 8.136, 5.673], [-0.000745, -0.003186, 0.011665]]
[1680900924940, [-0.383, 8.126, 5.687], [-0.000496, -0.002799, 0.010822]]
[1680900924960, [-0.358, 8.153, 5.717], [-0.002707, -0.003103, 0.01184]]
[1680900924980, [-0.362, 8.147, 5.686], [-0.000409, -0.001974, 0.012236]]
[1680900925000, [-0.386, 8.136, 5.726], [0.000498, -0.001886, 0.010743]]
[1680900925020, [-0.365, 8.146, 5.705], [-0.001255, -0.003369, 0.013558]]
[1680900925040, [-0.369, 8.134, 5.689], [0.001916, -0.002778, 0.011018]]
[1680900925060, [-0.379, 8.147, 5.668], [-0.002913, -0.002315, 0.012775]]
[1680900925080, [-0.358, 8.164, 5.684], [-0.001464, -0.000901, 0.012703]]
[1680900925100, [-0.366, 8.162, 5.749], [0.001246, -0.001985, 0.011132]]
[1680900925120, [-0.369, 8.144, 5.687], [-0.001795, -0.002469, 0.013707]]
[1680900925140, [-0.375, 8.156, 5.644], [-0.000252, -0.003235, 0.010974]]
[1680900925160, [-0.376, 8.154, 5.725], [-0.0009, -0.003414, 0.012347]]
[1680900925180, [-0.397, 8.145, 5.661], [-0.001824, -0.000987, 0.011639]]
[1680900925200, [-0.374, 8.153, 5.68], [0.000234, -0.003265, 0.011173]]
[1680900925220, [-0.386, 8.154, 5.703], [0.000135, -0.00111, 0.011491]]
[1680900925240, [-0.381, 8.147, 5.66], [-0.001587, -0.003058, 0.012624]]
[1680900925260, [-0.371, 8.131, 5.686], [-0.001502, -0.001862, 0.011623]]
[1680900925280, [-0.366, 8.145, 5.687], [-1.5e-05, -0.001824, 0.01146]]
[1680900925300, [-0.374, 8.149, 5.705], [-0.002103, -0.002822, 0.013153]]
[1680900925320, [-0.357, 8.133, 5.658], [0.001149, -0.001584, 0.01071]]
[1680900925340, [-0.376, 8.148, 5.739], [-0.001224, -0.002416, 0.011365]]
[1680900925360, [-0.37, 8.136, 5.68], [-0.001323, -0.001283, 0.012944]]
[1680900925380, [-0.389, 8.135, 5.701], [0.001563, -0.000899, 0.01176]]
[1680900925400, [-0.361, 8.149, 5.711], [-0.001641, -0.002277, 0.0126]]
[1680900925420, [-0.387, 8.13, 5.674], [0.000193, -0.002124, 0.010746]]
[1680900925440, [-0.371, 8.137, 5.734], [0.000198, -0.000643, 0.011113]]
[1680900925460, [-0.38, 8.149, 5.69], [-0.001272, -0.0029, 0.012435]]
[1680900925480, [-0.374, 8.137, 5.718], [-0.000176, -0.002404, 0.011256]]
[1680900925500, [-0.347, 8.14, 5.722], [-0.001782, -0.000834, 0.012609]]
[1680900925520, [-0.37, 8.159, 5.695], [-0.001638, -0.001788, 0.012711]]
[1680900925540, [-0.381, 8.141, 5.667], [-7e-05, -0.003361, 0.011826]]
[1680900925560, [-0.37, 8.15, 5.72], [-0.001103, -0.0032, 0.011973]]
[1680900925580, [-0.351, 8.141, 5.686], [0.000291, -0.003606, 0.012746]]
[1680900925600, [-0.339, 8.136, 5.669], [-0.001162, -0.003253, 0.011565]]
[1680900925620, [-0.386, 8.161, 5.693], [-0.000304, -0.002769, 0.011549]]
[1680900925640, [-0.37, 8.123, 5.691], [-0.001133, -0.002583, 0.012464]]
[1680900925660, [-0.383, 8.157, 5.687], [0.000151, -0.000733, 0.009936]]
[1680900925680, [-0.393, 8.168, 5.73], [-0.000785, -0.002539, 0.011778]]
[1680900925700, [-0.368, 8.155, 5.706], [0.000104, -0.002502, 0.011789]]
[1680900925720, [-0.336, 8.148, 5.699], [-0.00044, -0.002458, 0.011524]]
[1680900925740, [-0.389, 8.151, 5.689], [-0.00241, -0.003736, 0.013378]]
[1680900925760, [-0.387, 8.142, 5.678], [0.001614, -0.00188, 0.011326]]
[1680900925780, [-0.376, 8.157, 5.734], [-0.001105, -0.001859, 0.011064]]
[1680900925800, [-0.397, 8.123, 5.678], [-0.000296, -0.002458, 0.011363]]
[1680900925820, [-0.377, 8.125, 5.698], [-0.001423, -0.002132, 0.010749]]
[1680900925840, [-0.375, 8.146, 5.663], [-0.002152, -0.003568, 0.0117]]
[1680900925860, [-0.384, 8.162, 5.683], [0.00166, -0.00214, 0.012043]]
[1680900925880, [-0.354, 8.133, 5.64], [-0.001647, -0.003671, 0.013145]]
[1680900925900, [-0.362, 8.124, 5.655], [-0.000918, -0.002531, 0.011639]]
[1680900925920, [-0.365, 8.109, 5.723], [-0.000532, -0.002805, 0.011954]]
[1680900925940, [-0.385, 8.129, 5.702], [-0.002265, -0.002459, 0.012444]]
[1680900925960, [-0.371, 8.165, 5.725], [-0.000528, -0.001759, 0.011979]]
[1680900925980, [-0.352, 8.134, 5.683], [-0.001527, -0.003027, 0.011798]]
[1680900926000, [-0.354, 8.142, 5.662], [-0.001431, -0.002182, 0.0122]]
[1680900926020, [-0.369, 8.147, 5.708], [-0.001346, -0.003341, 0.011176]]
[1680900926040, [-0.367, 8.158, 5.684], [0.000286, -0.0006, 0.012629]]
[1680900926060, [-0.383, 8.155, 5.668], [-0.00098, -0.002064, 0.012091]]
[1680900926080, [-0.366, 8.144, 5.692], [0.000976, -0.0021, 0.01089]]
[1680900926100, [-0.371, 8.156, 5.681], [-0.000984, -0.002523, 0.011431]]
[1680900926120, [-0.377, 8.11, 5.673], [-0.002072, -0.002684, 0.012275]]
[1680900926140, [-0.369, 8.151, 5.707], [0.001308, -0.002157, 0.011182]]
[1680900926160, [-0.351, 8.148, 5.709], [-0.000921, -0.001967, 0.012317]]
[1680900926180, [-0.379, 8.138, 5.669], [-0.000133, -0.001266, 0.011321]]
[1680900926200, [-0.367, 8.13, 5.672], [-0.000283, -0.002617, 0.011405]]
[1680900926220, [-0.35, 8.145, 5.696], [-0.002885, -0.002394, 0.012871]]
[1680900926240, [-0.384, 8.161, 5.679], [0.000948, -0.002086, 0.01061]]
[1680900926260, [-0.365, 8.157, 5.73], [-0.001076, -0.003748, 0.012471]]
[1680900926280, [-0.386, 8.142, 5.719], [-0.000848, -0.002037, 0.011957]]
[1680900926300, [-0.379, 8.165, 5.687], [0.000476, -0.000948, 0.011077]]
[1680900926320, [-0.38, 8.153, 5.682], [-0.002135, -0.003294, 0.01252]]
[1680900926340, [-0.359, 8.154, 5.681], [-0.000752, -0.00216, 0.01261]]
[1680900926360, [-0.394, 8.153, 5.686], [-0.000694, -0.00231, 0.011268]]
[1680900926380, [-0.373, 8.14, 5.67], [-0.000741, -0.002362, 0.012169]]
[1680900926400, [-0.39, 8.149, 5.692], [-0.00192, -0.002063, 0.011584]]
[1680900926420, [-0.373, 8.152, 5.648], [-0.001184, -0.002646, 0.012045]]
[1680900926440, [-0.373, 8.172, 5.718], [-0.001734, -0.001357, 0.011631]]
[1680900926460, [-0.38, 8.15, 5.709], [-0.001407, -0.002351, 0.011457]]
[1680900926480, [-0.367, 8.156, 5.648], [0.001682, 0.000469, 0.010193]]
[1680900926500, [-0.373, 8.151, 5.706], [-0.002239, -0.002949, 0.012396]]
[1680900926520, [-0.412, 8.148, 5.679], [-0.000455, -0.002922, 0.011688]]
[1680900926540, [-0.356, 8.142, 5.702], [0.000682, -0.001049, 0.010027]]
[1680900926560, [-0.377, 8.127, 5.678], [-0.001827, -0.004002, 0.013366]]
[1680900926580, [-0.385, 8.154, 5.719], [0.001307, -0.002367, 0.010906]]
[1680900926600, [-0.363, 8.17, 5.682], [-0.002622, -0.003815, 0.013286]]
[1680900926620, [-0.405, 8.111, 5.642], [0.0004, -0.001333, 0.011307]]
[1680900926640, [-0.366, 8.165, 5.694], [-0.00019, -0.002219, 0.011319]]
[1680900926660, [-0.39, 8.122, 5.686], [0.000686, -0.001101, 0.012237]]
[1680900926680, [-0.391, 8.147, 5.699], [-0.000882, -0.001798, 0.012985]]
[1680900926700, [-0.373, 8.145, 5.678], [-0.002434, -0.002699, 0.01274]]
[1680900926720, [-0.369, 8.141, 5.718], [-0.001774, -0.002603, 0.011941]]
[1680900926740, [-0.374, 8.13, 5.656], [-0.00293, -0.003394, 0.011831]]
[1680900926760, [-0.356, 8.141, 5.671], [0.000232, -0.000344, 0.011801]]
[1680900926780, [-0.379, 8.162, 5.663], [-0.000393, -0.003141, 0.012756]]
[1680900926800, [-0.375, 8.143, 5.691], [-0.001774, -0.003042, 0.012331]]
[1680900926820, [-0.35, 8.126, 5.676], [0.001005, -0.001237, 0.010375]]
[1680900926840, [-0.38, 8.135, 5.669], [-0.001837, -0.003125, 0.01293]]
[1680900926860, [-0.404, 8.141, 5.665], [-0.000613, -0.00112, 0.009964]]
[1680900926880, [-0.362, 8.146, 5.726], [-0.001696, -0.002789, 0.011823]]
[1680900926900, [-0.356, 8.153, 5.687], [5.5e-05, -0.002616, 0.012498]]
[1680900926920, [-0.378, 8.138, 5.677], [-0.000509, -0.000936, 0.011093]]
[1680900926940, [-0.366, 8.141, 5.695], [-0.001657, -0.002246, 0.011882]]
[1680900926960, [-0.397, 8.137, 5.675], [0.000715, -0.001587, 0.011365]]
[1680900926980, [-0.378, 8.147, 5.698], [-0.001664, -0.002561, 0.013415]]
[1680900927000, [-0.359, 8.131, 5.667], [-0.000482, -0.002217, 0.011108]]
[1680900927020, [-0.364, 8.147, 5.695], [0.000741, -0.001189, 0.011133]]
[1680900927040, [-0.367, 8.138, 5.666], [-0.003029, -0.004044, 0.014035]]
[1680900927060, [-0.349, 8.149, 5.688], [0.002062, -0.000772, 0.009953]]
[1680900927080, [-0.369, 8.124, 5.694], [-0.001629, -0.003099, 0.012651]]
[1680900927100, [-0.38, 8.135, 5.648], [-0.000729, -0.002222, 0.011907]]
[1680900927120, [-0.367, 8.134, 5.722], [-0.000581, -0.000898, 0.011957]]
[1680900927140, [-0.371, 8.153, 5.685], [-0.001781, -0.004565, 0.012295]]
[1680900927160, [-0.36, 8.174, 5.633], [-0.001887, -0.001239, 0.011387]]
[1680900927180, [-0.386, 8.157, 5.689], [-0.002047, -0.003498, 0.011791]]
[1680900927200, [-0.34, 8.152, 5.746], [-0.000918, -0.001143, 0.011891]]
[1680900927220, [-0.382, 8.132, 5.658], [-0.000655, -0.002051, 0.012064]]
[1680900927240, [-0.387, 8.132, 5.705], [-0.00011, -0.003183, 0.01087]]
[1680900927260, [-0.369, 8.161, 5.712], [-0.001941, -0.00274, 0.012817]]
[1680900927280, [-0.391, 8.125, 5.701], [-0.00278, -0.002679, 0.012001]]
[1680900927300, [-0.385, 8.14, 5.673], [0.001559, -0.001399, 0.011951]]
[1680900927320, [-0.383, 8.142, 5.665], [-0.002977, -0.004005, 0.012829]]
[1680900927340, [-0.385, 8.174, 5.669], [0.000908, -0.001846, 0.011576]]
[1680900927360, [-0.335, 8.131, 5.645], [0.000645, -0.002153, 0.011654]]
[1680900927380, [-0.359, 8.132, 5.692], [-0.001976, -0.002418, 0.013595]]
[1680900927400, [-0.37, 8.133, 5.725], [0.001592, -0.001267, 0.01044]]
[1680900927420, [-0.387, 8.142, 5.69], [-0.003438, -0.003151, 0.012976]]
[1680900927440, [-0.366, 8.152, 5.672], [0.002169, -0.001836, 0.01138]]
[1680900927460, [-0.37, 8.159, 5.671], [-0.0016, -0.002151, 0.011508]]
[1680900927480, [-0.385, 8.159, 5.693], [0.000112, -0.001623, 0.012174]]
[1680900927500, [-0.344, 8.151, 5.703], [-0.001921, -0.001814, 0.012734]]
[1680900927520, [-0.364, 8.133, 5.73], [-0.001438, -0.001586, 0.012024]]
[1680900927540, [-0.354, 8.128, 5.679], [-0.00031, -0.002632, 0.012241]]
[1680900927560, [-0.365, 8.161, 5.685], [-0.001026, -0.002779, 0.012849]]
[1680900927580, [-0.392, 8.122, 5.676], [-0.000431, -0.001296, 0.010401]]
[1680900927600, [-0.371, 8.154, 5.726], [-0.001382, -0.002444, 0.012566]]
[1680900927620, [-0.369, 8.129, 5.684], [-0.000338, -0.002364, 0.009976]]
[1680900927640, [-0.347, 8.145, 5.69], [-0.002653, -0.00412, 0.013883]]
[1680900927660, [-0.388, 8.163, 5.7], [7.6e-05, -0.003059, 0.011789]]
[1680900927680, [-0.395, 8.13, 5.743], [0.000532, -0.002539, 0.012458]]
