[1680729293307, 0.0, 0.0]
[1680729293330, 0.0, 0.0]
[1680729293343, 0.0, 0.0]
[1680729293354, 0.0, 0.0]
[1680729293373, 0.0, 0.0]
[1680729293387, 0.0, 0.0]
[1680729293411, 0.0, 0.0]
[1680729293423, 0.0, 0.0]
[1680729293435, 0.0, 0.0]
[1680729293451, 0.0, 0.0]
[1680729293475, 0.0, 0.0]
[1680729293487, 0.0, 0.0]
[1680729293502, 0.0, 0.0]
[1680729293515, 0.0, 0.0]
[1680729293530, 0.0, 0.0]
[1680729293546, 0.0, 0.0]
[1680729293563, 0.0, 0.0]
[1680729293580, 0.0, 0.0]
[1680729293594, 0.0, 0.0]
[1680729293611, 0.0, 0.0]
[1680729293627, 0.0, 0.0]
[1680729293643, 0.0, 0.0]
[1680729293660, 0.0, 0.0]
[1680729293675, 0.0, 0.0]
[1680729293690, 0.0, 0.0]
[1680729293706, 0.0, 0.0]
[1680729293723, 0.0, 0.0]
[1680729293740, 0.0, 0.0]
[1680729293756, 0.0, 0.0]
[1680729293775, 0.0, 0.0]
[1680729293790, 0.0, 0.0]
[1680729293803, 0.0, 0.0]
[1680729293821, 0.0, 0.0]
[1680729293836, 0.0, 0.0]
[1680729293851, 0.0, 0.0]
[1680729293866, 0.0, 0.0]
[1680729293883, 0.0, 0.0]
[1680729293899, 0.0, 0.0]
[1680729293916, 0.0, 0.0]
[1680729293930, 0.0, 0.0]
[1680729293946, 0.0, 0.0]
[1680729293963, 0.0, 0.0]
[1680729293980, 0.0, 0.0]
[1680729293994, 0.0, 0.0]
[1680729294011, 0.0, 0.0]
[1680729294027, 0.0, 0.0]
[1680729294043, 0.0, 0.0]
[1680729294059, 0.0, 0.0]
[1680729294076, 0.0, 0.0]
[1680729294091, 0.0, 0.0]
[1680729294106, 0.0, 0.0]
[1680729294124, 0.0, 0.0]
[1680729294141, 0.0, 0.0]
[1680729294155, 0.0, 0.0]
[1680729294172, 0.0, 0.0]
[1680729294186, 0.0, 0.0]
[1680729294202, 0.0, 0.0]
[1680729294225, 0.0, 0.0]
[1680729294235, 0.0, 0.0]
[1680729294250, 0.0, 0.0]
[1680729294266, 0.0, 0.0]
[1680729294283, 0.0, 0.0]
[1680729294300, 0.0, 0.0]
[1680729294315, 0.0, 0.0]
[1680729294332, 0.0, 0.0]
[1680729294346, 0.0, 0.0]
[1680729294363, 0.0, 0.0]
[1680729294382, 0.0, 0.0]
[1680729294395, 0.0, 0.0]
[1680729294411, 0.0, 0.0]
[1680729294426, 0.0, 0.0]
[1680729294443, 0.0, 0.0]
[1680729294460, 0.0, 0.0]
[1680729294475, 0.0, 0.0]
[1680729294491, 0.0, 0.0]
[1680729294505, 0.0, 0.0]
[1680729294524, 0.0, 0.0]
[1680729294540, 0.0, 0.0]
[1680729294554, 0.0, 0.0]
[1680729294572, 0.0, 0.0]
[1680729294586, 0.0, 0.0]
[1680729294602, 0.0, 0.0]
[1680729294633, 0.0, 0.0]
[1680729294635, 0.0, 0.0]
[1680729294653, 0.0, 0.0]
[1680729294667, 0.0, 0.0]
[1680729294685, 0.0, 0.0]
[1680729294701, 0.0, 0.0]
[1680729294714, 0.0, 0.0]
[1680729294731, 0.0, 0.0]
[1680729294746, 0.0, 0.0]
[1680729294762, 0.0, 0.0]
[1680729294779, 0.0, 0.0]
[1680729294794, 0.0, 0.0]
[1680729294810, 0.0, 0.0]
[1680729294826, 0.0, 0.0]
[1680729294845, 0.0, 0.0]
[1680729294860, 0.0, 0.0]
[1680729294875, 0.0, 0.0]
[1680729294890, 0.0, 0.0]
[1680729294906, 0.0, 0.0]
[1680729294924, 0.0, 0.0]
[1680729294939, 0.0, 0.0]
[1680729294954, 0.0, 0.0]
[1680729294971, 0.0, 0.0]
[1680729294986, 0.0, 0.0]
[1680729295003, 0.0, 0.0]
[1680729295021, 0.0, 0.0]
[1680729295034, 0.0, 0.0]
[1680729295050, 0.0, 0.0]
[1680729295068, 0.0, 0.0]
[1680729295083, 0.0, 0.0]
[1680729295100, 0.0, 0.0]
[1680729295114, 0.0, 0.0]
[1680729295131, 0.0, 0.0]
[1680729295146, 0.0, 0.0]
[1680729295163, 0.0, 0.0]
[1680729295179, 0.0, 0.0]
[1680729295194, 0.0, 0.0]
[1680729295211, 0.0, 0.0]
[1680729295227, 0.0, 0.0]
[1680729295243, 0.0, 0.0]
[1680729295259, 0.0, 0.0]
[1680729295274, 0.0, 0.0]
[1680729295291, 0.0, 0.0]
[1680729295308, 0.0, 0.0]
[1680729295324, 0.0, 0.0]
[1680729295340, 0.0, 0.0]
[1680729295354, 0.0, 0.0]
[1680729295369, 0.0, 0.0]
[1680729295389, 0.0, 0.0]
[1680729295402, 0.0, 0.0]
[1680729295418, 0.0, 0.0]
[1680729295435, 0.0, 0.0]
[1680729295450, 0.0, 0.0]
[1680729295468, 0.0, 0.0]
[1680729295485, 0.0, 0.0]
[1680729295501, 0.0, 0.0]
[1680729295514, 0.0, 0.0]
[1680729295531, 0.0, 0.0]
[1680729295547, 0.0, 0.0]
[1680729295564, 0.0, 0.0]
[1680729295580, 0.0, 0.0]
[1680729295593, 0.0, 0.0]
[1680729295611, 0.0, 0.0]
[1680729295627, 0.0, 0.0]
